          x     Sw_1         p_1      Sw_2         p_2      Sw_3         p_3      Sw_4         p_4            C_1            C_2           C_3            C_4 
0       0.0  0.766173  735.720559  0.766750  774.036456  0.767259  703.188534  0.767712  618.981537   1.559495e-10   3.162933e-48  6.825348e-86  1.592434e-123
1       5.0  0.762048  735.337084  0.762758  773.653940  0.763391  702.806866  0.763959  618.600625   4.338169e-09   2.785973e-46  8.679890e-84  2.446511e-121
2      10.0  0.759052  734.948257  0.759840  773.266249  0.760548  702.420191  0.761189  618.214861   6.146932e-08   1.291292e-44  5.948381e-82  2.059485e-119
3      15.0  0.756642  734.555287  0.757478  772.874533  0.758238  702.029601  0.758929  617.825289   5.882234e-07   4.131070e-43  2.862716e-80  1.233258e-117
4      20.0  0.754609  734.158864  0.755477  772.479441  0.756270  701.635715  0.756997  617.432501   4.264121e-06   1.017194e-41  1.074698e-78  5.821229e-116
5      25.0  0.752846  733.759455  0.753732  772.081416  0.754548  701.238955  0.755301  617.036898   2.493276e-05   2.044993e-40  3.330106e-77  2.287901e-114
6      30.0  0.751289  733.357406  0.752185  771.680789  0.753016  700.839633  0.753786  616.638779   1.223430e-04   3.483696e-39  8.823124e-76  7.746461e-113
7      35.0  0.749896  732.952989  0.750795  771.277817  0.751633  700.437997  0.752415  616.238378   5.177640e-04   5.158498e-38  2.047726e-74  2.312508e-111
8      40.0  0.748637  732.546420  0.749533  770.872711  0.750375  700.034245  0.751164  615.835886   1.928088e-03   6.764323e-37  4.236850e-73  6.189836e-110
9      45.0  0.747489  732.137865  0.748380  770.465648  0.749220  699.628547  0.750012  615.431465   6.415289e-03   7.967214e-36  7.920386e-72  1.504632e-108
10     50.0  0.746438  731.727433  0.747319  770.056779  0.748155  699.221047  0.748947  615.025253   1.930454e-02   8.523657e-35  1.351924e-70  3.354931e-107
11     55.0  0.745468  731.315138  0.746338  769.646232  0.747168  698.811870  0.747957  614.617368   5.305485e-02   8.358123e-34  2.124968e-69  6.917404e-106
12     60.0  0.744571  730.900810  0.745427  769.234124  0.746248  698.401125  0.747033  614.207917   1.342620e-01   7.568248e-33  3.097353e-68  1.327682e-104
13     65.0  0.743736  730.483932  0.744579  768.820555  0.745389  697.988911  0.746167  613.796995   3.150165e-01   6.368051e-32  4.211354e-67  2.385362e-103
14     70.0  0.742958  730.063354  0.743785  768.405616  0.744584  697.575315  0.745354  613.384684   6.893336e-01   5.005637e-31  5.368090e-66  4.030695e-102
15     75.0  0.742228  729.636848  0.743042  767.989388  0.743828  697.160416  0.744588  612.971062   1.414074e+00   3.692759e-30  6.442566e-65  6.431932e-101
16     80.0  0.741541  729.200469  0.742343  767.571947  0.743116  696.744287  0.743866  612.556199   2.731652e+00   2.566972e-29  7.307532e-64  9.727012e-100
17     85.0  0.740892  728.747739  0.741685  767.153358  0.742444  696.326993  0.743183  612.140157   4.989298e+00   1.687327e-28  7.859402e-63   1.398451e-98
18     90.0  0.740273  728.268702  0.741064  766.733685  0.741808  695.908594  0.742535  611.722997   8.647506e+00   1.052058e-27  8.038699e-62   1.916652e-97
19     95.0  0.739679  727.748980  0.740477  766.312982  0.741206  695.489145  0.741921  611.304771   1.426970e+01   6.239521e-27  7.839584e-61   2.510362e-96
20    100.0  0.739103  727.169024  0.739921  765.891303  0.740635  695.068699  0.741337  610.885530   2.248699e+01   3.528738e-26  7.306831e-60   3.149092e-95
21    105.0  0.738538  726.503764  0.739394  765.468695  0.740093  694.647302  0.740782  610.465321   3.393645e+01   1.907321e-25  6.522481e-59   3.791024e-94
22    110.0  0.737977  725.722886  0.738894  765.045204  0.739577  694.224999  0.740253  610.044187   4.917795e+01   9.873105e-25  5.586995e-58   4.387684e-93
23    115.0  0.737413  724.791852  0.738418  764.620871  0.739086  693.801830  0.739749  609.622168   6.860130e+01   4.903654e-24  4.600296e-57   4.890330e-92
24    120.0  0.736840  723.673702  0.737965  764.195734  0.738618  693.377835  0.739267  609.199303   9.234073e+01   2.340798e-23  3.646964e-56   5.256787e-91
25    125.0  0.736245  722.309124  0.737533  763.769831  0.738171  692.953050  0.738807  608.775628   1.202146e+02   1.075644e-22  2.787759e-55   5.457386e-90
26    130.0  0.735602  720.629930  0.737122  763.343193  0.737744  692.527508  0.738367  608.351175   1.517063e+02   4.764990e-22  2.057534e-54   5.478815e-89
27    135.0  0.734930  718.592656  0.736728  762.915855  0.737336  692.101241  0.737945  607.925977   1.859897e+02   2.037636e-21  1.468091e-53   5.325255e-88
28    140.0  0.734231  716.171395  0.736353  762.487844  0.736946  691.674279  0.737541  607.500063   2.220005e+02   8.421750e-21  1.013864e-52   5.016758e-87
29    145.0  0.733509  713.352259  0.735993  762.059190  0.736572  691.246650  0.737154  607.073461   2.585412e+02   3.368152e-20  6.784212e-52   4.585418e-86
30    150.0  0.732769  710.134279  0.735649  761.629918  0.736214  690.818381  0.736783  606.646199   2.944016e+02   1.304858e-19  4.403030e-51   4.070259e-85
31    155.0  0.731965  706.446218  0.735319  761.200053  0.735870  690.389497  0.736427  606.218301   3.284751e+02   4.901805e-19  2.774268e-50   3.511885e-84
32    160.0  0.731044  702.220799  0.735003  760.769620  0.735540  689.960021  0.736084  605.789791   3.598568e+02   1.787231e-18  1.698538e-49   2.947792e-83
33    165.0  0.730104  697.490922  0.734699  760.338639  0.735223  689.529977  0.735755  605.360692   3.878951e+02   6.330287e-18  1.011335e-48   2.408980e-82
34    170.0  0.729164  692.312333  0.734408  759.907133  0.734919  689.099386  0.735438  604.931026   4.122180e+02   2.179955e-17  5.860692e-48   1.918098e-81
35    175.0  0.728237  686.745376  0.734128  759.475120  0.734626  688.668267  0.735133  604.500812   4.327211e+02   7.304590e-17  3.307947e-47   1.489061e-80
36    180.0  0.727331  680.850883  0.733859  759.042621  0.734345  688.236640  0.734840  604.070072   4.495289e+02   2.383373e-16  1.819819e-46   1.127833e-79
37    185.0  0.726455  674.686815  0.733600  758.609652  0.734074  687.804524  0.734557  603.638822   4.629385e+02   7.577783e-16  9.764398e-46   8.339472e-79
38    190.0  0.725613  668.305832  0.733350  758.176231  0.733813  687.371936  0.734285  603.207081   4.733577e+02   2.349291e-15  5.113085e-45   6.023527e-78
39    195.0  0.724808  661.753805  0.733110  757.742374  0.733561  686.938892  0.734022  602.774866   4.812477e+02   7.106426e-15  2.614565e-44   4.252316e-77
40    200.0  0.724039  655.069210  0.732879  757.308097  0.733319  686.505409  0.733769  602.342193   4.870743e+02   2.098686e-14  1.306294e-43   2.935582e-76
41    205.0  0.723305  648.283211  0.732656  756.873413  0.733085  686.071501  0.733524  601.909077   4.912729e+02   6.054448e-14  6.380307e-43   1.982794e-75
42    210.0  0.722601  641.420242  0.732441  756.438338  0.732859  685.637182  0.733288  601.475533   4.942270e+02   1.707144e-13  3.048065e-42   1.310950e-74
43    215.0  0.721922  634.498888  0.732233  756.002884  0.732641  685.202468  0.733060  601.041576   4.962576e+02   4.707179e-13  1.424958e-41   8.488296e-74
44    220.0  0.721265  627.532884  0.732033  755.567063  0.732430  684.767369  0.732839  600.607218   4.976218e+02   1.269880e-12  6.521957e-41   5.384833e-73
45    225.0  0.720625  620.532108  0.731839  755.130890  0.732227  684.331900  0.732626  600.172473   4.985182e+02   3.353385e-12  2.923792e-40   3.348304e-72
46    230.0  0.719998  613.503483  0.731652  754.694373  0.732030  683.896073  0.732420  599.737352   4.990945e+02   8.672028e-12  1.284381e-39   2.041521e-71
47    235.0  0.719381  606.451743  0.731471  754.257526  0.731840  683.459898  0.732221  599.301868   4.994571e+02   2.197175e-11  5.530929e-39   1.221033e-70
48    240.0  0.718771  599.380048  0.731296  753.820358  0.731656  683.023387  0.732028  598.866033   4.996805e+02   5.456290e-11  2.335771e-38   7.166501e-70
49    245.0  0.718165  592.290462  0.731127  753.382880  0.731478  682.586550  0.731841  598.429856   4.998152e+02   1.328599e-10  9.677309e-38   4.129028e-69
50    250.0  0.717563  585.184301  0.730963  752.945102  0.731306  682.149397  0.731660  597.993349   4.998948e+02   3.173384e-10  3.934855e-37   2.336138e-68
51    255.0  0.716961  578.062380  0.730805  752.507032  0.731139  681.711939  0.731485  597.556522   4.999405e+02   7.437808e-10  1.570740e-36   1.298382e-67
52    260.0  0.716359  570.925189  0.730651  752.068679  0.730978  681.274184  0.731315  597.119384   4.999659e+02   1.711263e-09  6.157822e-36   7.090837e-67
53    265.0  0.715756  563.773005  0.730502  751.630053  0.730821  680.836141  0.731151  596.681944   4.999789e+02   3.866235e-09  2.371581e-35   3.806419e-66
54    270.0  0.715149  556.605967  0.730358  751.191162  0.730669  680.397820  0.730991  596.244212   4.999841e+02   8.580328e-09  8.975779e-35   2.009035e-65
55    275.0  0.714538  549.424125  0.730218  750.752013  0.730522  679.959228  0.730836  595.806196   4.999836e+02   1.871129e-08  3.339338e-34   1.042880e-64
56    280.0  0.713921  542.227470  0.730083  750.312613  0.730379  679.520372  0.730686  595.367904   4.999781e+02   4.010720e-08  1.221599e-33   5.325689e-64
57    285.0  0.713295  535.015956  0.729951  749.872971  0.730240  679.081262  0.730541  594.929344   4.999668e+02   8.452601e-08  4.395405e-33   2.676255e-63
58    290.0  0.712659  527.789515  0.729823  749.433094  0.730106  678.641904  0.730399  594.490524   4.999478e+02   1.751999e-07  1.555925e-32   1.323734e-62
59    295.0  0.712010  520.548075  0.729699  748.992987  0.729975  678.202305  0.730262  594.051452   4.999178e+02   3.572524e-07  5.420159e-32   6.446193e-62
60    300.0  0.711346  513.291577  0.729579  748.552658  0.729848  677.762472  0.730128  593.612133   4.998719e+02   7.168567e-07  1.858570e-31   3.091288e-61
61    305.0  0.710663  506.020002  0.729462  748.112113  0.729725  677.322412  0.729999  593.172576   4.998029e+02   1.415860e-06  6.274742e-31   1.460193e-60
62    310.0  0.709958  498.733402  0.729348  747.671357  0.729605  676.882130  0.729873  592.732787   4.997013e+02   2.753277e-06  2.086250e-30   6.795376e-60
63    315.0  0.709225  491.431942  0.729238  747.230397  0.729489  676.441633  0.729750  592.292772   4.995538e+02   5.272658e-06  6.832669e-30   3.116335e-59
64    320.0  0.708462  484.115960  0.729131  746.789238  0.729376  676.000928  0.729631  591.852536   4.993431e+02   9.946357e-06  2.204779e-29   1.408621e-58
65    325.0  0.707661  476.786037  0.729026  746.347886  0.729266  675.560018  0.729516  591.412088   4.990467e+02   1.848652e-05  7.011073e-29   6.277011e-58
66    330.0  0.706816  469.443090  0.728925  745.906345  0.729159  675.118911  0.729403  590.971431   4.986358e+02   3.386120e-05  2.197557e-28   2.758082e-57
67    335.0  0.705922  462.088472  0.728826  745.464620  0.729055  674.677611  0.729293  590.530571   4.980746e+02   6.113667e-05  6.790798e-28   1.195201e-56
68    340.0  0.704969  454.724107  0.728729  745.022717  0.728953  674.236123  0.729187  590.089514   4.973190e+02   1.088298e-04  2.069249e-27   5.109007e-56
69    345.0  0.703949  447.352631  0.728636  744.580640  0.728855  673.794452  0.729083  589.648265   4.963162e+02   1.910432e-04  6.218702e-27   2.154632e-55
70    350.0  0.702852  439.977551  0.728545  744.138392  0.728759  673.352603  0.728982  589.206829   4.950038e+02   3.307826e-04  1.843586e-26   8.966613e-55
71    355.0  0.701668  432.603414  0.728456  743.695977  0.728665  672.910581  0.728884  588.765210   4.933097e+02   5.650258e-04  5.392409e-26   3.682795e-54
72    360.0  0.700386  425.235985  0.728369  743.253399  0.728574  672.468389  0.728788  588.323414   4.911524e+02   9.523432e-04  1.556451e-25   1.493118e-53
73    365.0  0.698991  417.882416  0.728285  742.810660  0.728485  672.026033  0.728694  587.881445   4.884420e+02   1.584169e-03  4.434006e-25   5.976532e-53
74    370.0  0.697471  410.551408  0.728203  742.367761  0.728399  671.583516  0.728603  587.439306   4.850812e+02   2.601198e-03  1.246920e-24   2.362178e-52
75    375.0  0.695809  403.253343  0.728123  741.924700  0.728315  671.140842  0.728515  586.997003   4.809677e+02   4.216859e-03  3.462051e-24   9.220452e-52
76    380.0  0.693990  396.000389  0.728045  741.481476  0.728232  670.698015  0.728428  586.554540   4.759967e+02   6.750349e-03  9.491847e-24   3.554954e-51
77    385.0  0.691993  388.806556  0.727969  741.038081  0.728152  670.255039  0.728344  586.111919   4.700649e+02   1.067238e-02  2.570147e-23   1.354012e-50
78    390.0  0.689799  381.687694  0.727894  740.594504  0.728074  669.811918  0.728261  585.669146   4.630735e+02   1.666745e-02  6.874189e-23   5.095427e-50
79    395.0  0.687384  374.661435  0.727822  740.150724  0.727998  669.368655  0.728181  585.226224   4.549331e+02   2.571717e-02  1.816375e-22   1.894827e-49
80    400.0  0.684722  367.747058  0.727751  739.706711  0.727923  668.925253  0.728103  584.783156   4.455678e+02   3.920990e-02  4.742127e-22   6.963855e-49
81    405.0  0.681784  360.965289  0.727682  739.262420  0.727851  668.481716  0.728027  584.339946   4.349197e+02   5.908234e-02  1.223449e-21   2.529759e-48
82    410.0  0.678535  354.338029  0.727614  738.817784  0.727780  668.038047  0.727952  583.896597   4.229527e+02   8.799923e-02  3.119635e-21   9.084798e-48
83    415.0  0.674937  347.888023  0.727548  738.372710  0.727710  667.594249  0.727879  583.453113   4.096559e+02   1.295770e-01  7.862946e-21   3.225625e-47
84    420.0  0.670945  341.638475  0.727483  737.927064  0.727643  667.150325  0.727808  583.009496   3.950459e+02   1.886570e-01  1.959241e-20   1.132478e-46
85    425.0  0.666505  335.612634  0.727419  737.480664  0.727577  666.706277  0.727739  582.565750   3.791687e+02   2.716316e-01  4.826893e-20   3.932020e-46
86    430.0  0.661559  329.833377  0.727357  737.033261  0.727512  666.262109  0.727671  582.121878   3.620994e+02   3.868266e-01  1.175924e-19   1.350282e-45
87    435.0  0.656049  324.322870  0.727295  736.584521  0.727449  665.817824  0.727605  581.677882   3.439417e+02   5.449371e-01  2.833194e-19   4.586772e-45
88    440.0  0.649974  319.102592  0.727235  736.134000  0.727388  665.373424  0.727540  581.233765   3.248265e+02   7.595126e-01  6.751670e-19   1.541393e-44
89    445.0  0.643707  314.195036  0.727175  735.681118  0.727327  664.928911  0.727477  580.789531   3.049157e+02   1.047481e+00  1.591605e-18   5.124982e-44
90    450.0  0.638318  309.572445  0.727115  735.225126  0.727269  664.484288  0.727415  580.345181   2.844259e+02   1.429696e+00  3.711922e-18   1.686133e-43
91    455.0  0.632694  305.184578  0.727056  734.765066  0.727211  664.039558  0.727354  579.900718   2.635833e+02   1.931480e+00  8.565465e-18   5.489824e-43
92    460.0  0.626570  301.023044  0.726996  734.299733  0.727155  663.594723  0.727295  579.456145   2.426010e+02   2.583147e+00  1.955869e-17   1.769043e-42
93    465.0  0.619926  297.091172  0.726936  733.827621  0.727100  663.149784  0.727238  579.011464   2.216958e+02   3.420444e+00  4.419901e-17   5.642566e-42
94    470.0  0.612736  293.390075  0.726874  733.346883  0.727046  662.704745  0.727181  578.566677   2.010812e+02   4.484902e+00  9.885882e-17   1.781629e-41
95    475.0  0.604978  289.918633  0.726811  732.855266  0.726993  662.259608  0.727126  578.121787   1.809613e+02   5.824020e+00  2.188738e-16   5.569334e-41
96    480.0  0.596635  286.673557  0.726746  732.350068  0.726941  661.814374  0.727072  577.676796   1.615256e+02   7.491252e+00  4.797245e-16   1.723761e-40
97    485.0  0.587700  283.649503  0.726678  731.828078  0.726891  661.369045  0.727019  577.231706   1.429447e+02   9.545752e+00  1.041007e-15   5.282998e-40
98    490.0  0.578192  280.839263  0.726607  731.285531  0.726841  660.923624  0.726967  576.786518   1.253660e+02   1.205182e+01  2.236769e-15   1.603444e-39
99    495.0  0.568289  278.234301  0.726531  730.718064  0.726793  660.478112  0.726916  576.341236   1.089137e+02   1.507804e+01  4.759233e-15   4.819890e-39
100   500.0  0.559130  275.816616  0.726450  730.120680  0.726746  660.032512  0.726866  575.895861   9.370126e+01   1.869606e+01  1.002864e-14   1.435059e-38
101   505.0  0.550583  273.555758  0.726364  729.487733  0.726699  659.586824  0.726817  575.450395   7.982704e+01   2.297906e+01  2.093034e-14   4.232432e-38
102   510.0  0.542040  271.428914  0.726270  728.812912  0.726654  659.141052  0.726770  575.004839   6.732234e+01   2.799985e+01  4.326929e-14   1.236618e-37
103   515.0  0.533627  269.424156  0.726169  728.089260  0.726609  658.695195  0.726723  574.559196   5.618839e+01   3.382871e+01  8.861174e-14   3.579675e-37
104   520.0  0.525484  267.529280  0.726059  727.309205  0.726565  658.249257  0.726677  574.113468   4.639875e+01   4.053099e+01  1.797831e-13   1.026716e-36
105   525.0  0.517748  265.732053  0.725940  726.464607  0.726523  657.803239  0.726632  573.667655   3.790152e+01   4.816458e+01  3.614019e-13   2.918045e-36
106   530.0  0.510540  264.020448  0.725810  725.546844  0.726481  657.357142  0.726588  573.221760   3.062288e+01   5.677731e+01  7.198673e-13   8.218698e-36
107   535.0  0.503965  262.382878  0.725669  724.546902  0.726439  656.910968  0.726545  572.775785   2.447131e+01   6.640443e+01  1.420925e-12   2.294131e-35
108   540.0  0.498096  260.808412  0.725517  723.455504  0.726399  656.464718  0.726503  572.329730   1.934226e+01   7.706626e+01  2.779601e-12   6.347041e-35
109   545.0  0.492970  259.286947  0.725352  722.263243  0.726359  656.018394  0.726462  571.883597   1.512330e+01   8.876622e+01  5.389161e-12   1.740587e-34
110   550.0  0.488591  257.809343  0.725173  720.958734  0.726320  655.571997  0.726421  571.437389   1.169910e+01   1.014892e+02  1.035671e-11   4.731773e-34
111   555.0  0.484928  256.367504  0.724959  719.517370  0.726282  655.125529  0.726381  570.991105   8.956165e+00   1.152008e+02  1.972958e-11   1.275229e-33
112   560.0  0.481925  254.954410  0.724713  717.915793  0.726245  654.678990  0.726342  570.544749   6.786809e+00   1.298470e+02  3.726000e-11   3.407378e-33
113   565.0  0.479510  253.564094  0.724447  716.143590  0.726208  654.232382  0.726304  570.098320   5.092099e+00   1.453539e+02  6.976372e-11   9.027162e-33
114   570.0  0.477600  252.191586  0.724164  714.191278  0.726172  653.785707  0.726266  569.651821   3.783793e+00   1.616286e+02  1.295121e-10   2.371436e-32
115   575.0  0.476115  250.832818  0.723862  712.050464  0.726137  653.338966  0.726229  569.205252   2.785238e+00   1.785614e+02  2.384058e-10   6.177761e-32
116   580.0  0.474976  249.484523  0.723543  709.714033  0.726102  652.892159  0.726193  568.758615   2.031404e+00   1.960277e+02  4.351912e-10   1.596025e-31
117   585.0  0.474114  248.144113  0.723206  707.176297  0.726068  652.445288  0.726157  568.311912   1.468295e+00   2.138907e+02  7.878273e-10   4.089466e-31
118   590.0  0.473470  246.809575  0.722853  704.433119  0.726034  651.998354  0.726122  567.865142   1.051927e+00   2.320052e+02  1.414490e-09   1.039298e-30
119   595.0  0.472992  245.479358  0.722484  701.482002  0.726001  651.551358  0.726088  567.418309   7.470941e-01   2.502207e+02  2.518932e-09   2.619924e-30
120   600.0  0.472642  244.152289  0.722102  698.322129  0.725969  651.104302  0.726054  566.971412   5.260594e-01   2.683855e+02  4.449489e-09   6.551487e-30
121   605.0  0.472387  242.827485  0.721708  694.954377  0.725937  650.657185  0.726021  566.524452   3.672894e-01   2.863501e+02  7.796684e-09   1.625253e-29
122   610.0  0.472202  241.504295  0.721299  691.368378  0.725906  650.210010  0.725988  566.077431   2.542927e-01   3.039711e+02  1.355328e-08   3.999992e-29
123   615.0  0.472069  240.182241  0.720774  687.517201  0.725875  649.762777  0.725956  565.630351   1.745996e-01   3.211159e+02  2.337445e-08   9.767438e-29
124   620.0  0.471972  238.860976  0.720163  683.369221  0.725845  649.315488  0.725925  565.183211   1.188953e-01   3.376651e+02  3.999714e-08   2.366528e-28
125   625.0  0.471902  237.540252  0.719524  678.933916  0.725815  648.868142  0.725894  564.736013   8.030130e-02   3.535120e+02  6.791009e-08   5.689547e-28
126   630.0  0.471851  236.219890  0.718867  674.222922  0.725786  648.420742  0.725863  564.288757   5.379461e-02   3.685657e+02  1.144154e-07   1.357389e-27
127   635.0  0.471812  234.899767  0.718194  669.249397  0.725757  647.973287  0.725833  563.841446   3.574648e-02   3.827528e+02  1.912961e-07   3.213781e-27
128   640.0  0.471783  233.579795  0.717508  664.027687  0.725729  647.525779  0.725804  563.394079   2.356266e-02   3.960183e+02  3.174134e-07   7.551586e-27
129   645.0  0.471760  232.259916  0.716811  658.573029  0.725701  647.078219  0.725775  562.946657   1.540740e-02   4.083251e+02  5.227186e-07   1.761142e-26
130   650.0  0.471741  230.940086  0.716106  652.901257  0.725673  646.630608  0.725746  562.499182   9.994575e-03   4.196539e+02  8.543973e-07   4.076697e-26
131   655.0  0.471724  229.620279  0.715396  647.028517  0.725646  646.182945  0.725718  562.051654   6.431986e-03   4.300017e+02  1.386201e-06   9.367077e-26
132   660.0  0.471710  228.300475  0.714684  640.971002  0.725620  645.735232  0.725690  561.604075   4.106638e-03   4.393806e+02  2.232501e-06   2.136508e-25
133   665.0  0.471697  226.980661  0.713972  634.744714  0.725593  645.287471  0.725663  561.156444   2.601375e-03   4.478157e+02  3.569286e-06   4.837629e-25
134   670.0  0.471684  225.660829  0.713262  628.365248  0.725568  644.839660  0.725636  560.708763   1.634966e-03   4.553435e+02  5.665252e-06   1.087453e-24
135   675.0  0.471672  224.340973  0.712556  621.847615  0.725542  644.391802  0.725610  560.261032   1.019570e-03   4.620093e+02  8.927492e-06   2.426952e-24
136   680.0  0.471660  223.021090  0.711857  615.206093  0.725517  643.943897  0.725584  559.813253   6.308726e-04   4.678653e+02  1.396805e-05   5.377816e-24
137   685.0  0.471648  221.701177  0.711166  608.454117  0.725492  643.495945  0.725558  559.365425   3.873423e-04   4.729684e+02  2.170011e-05   1.183223e-23
138   690.0  0.471637  220.381232  0.710483  601.604197  0.725468  643.047948  0.725533  558.917550   2.359877e-04   4.773781e+02  3.347579e-05   2.585023e-23
139   695.0  0.471625  219.061253  0.709810  594.667875  0.725444  642.599905  0.725508  558.469628   1.426714e-04   4.811547e+02  5.128208e-05   5.608163e-23
140   700.0  0.471613  217.741240  0.709145  587.655704  0.725420  642.151817  0.725484  558.021660   8.559515e-05   4.843575e+02  7.801696e-05   1.208247e-22
141   705.0  0.471601  216.421193  0.708489  580.577257  0.725397  641.703685  0.725460  557.573647   5.096088e-05   4.870437e+02  1.178755e-04   2.585178e-22
142   710.0  0.471589  215.101110  0.707839  573.441162  0.725374  641.255510  0.725436  557.125589   3.011000e-05   4.892669e+02  1.768852e-04   5.493447e-22
143   715.0  0.471577  213.780990  0.707195  566.255149  0.725351  640.807291  0.725412  556.677487   1.765553e-05   4.910761e+02  2.636422e-04   1.159415e-21
144   720.0  0.471564  212.460835  0.706554  559.026119  0.725329  640.359029  0.725389  556.229341   1.027438e-05   4.925153e+02  3.903154e-04   2.430483e-21
145   725.0  0.471552  211.140642  0.705914  551.760224  0.725307  639.910724  0.725366  555.781152   5.933962e-06   4.936225e+02  5.740047e-04   5.060867e-21
146   730.0  0.471539  209.820412  0.705270  544.462957  0.725285  639.462377  0.725344  555.332921   3.401383e-06   4.944299e+02  8.385628e-04   1.046780e-20
147   735.0  0.471527  208.500145  0.704619  537.139251  0.725263  639.013985  0.725321  554.884648   1.935064e-06   4.949632e+02  1.217019e-03   2.150813e-20
148   740.0  0.471514  207.179839  0.703957  529.793574  0.725242  638.565550  0.725300  554.436333   1.092623e-06   4.952418e+02  1.754778e-03   4.390213e-20
149   745.0  0.471501  205.859494  0.703280  522.430040  0.725221  638.117069  0.725278  553.987978   6.123303e-07   4.952789e+02  2.513798e-03   8.902720e-20
150   750.0  0.471488  204.539111  0.702584  515.052507  0.725200  637.668540  0.725256  553.539583   3.406012e-07   4.950816e+02  3.578024e-03   1.793628e-19
151   755.0  0.471474  203.218688  0.701863  507.664682  0.725180  637.219962  0.725235  553.091148   1.880420e-07   4.946511e+02  5.060356e-03   3.590313e-19
152   760.0  0.471461  201.898225  0.701113  500.270223  0.725160  636.771329  0.725214  552.642673   1.030419e-07   4.939829e+02  7.111554e-03   7.140698e-19
153   765.0  0.471447  200.577721  0.700328  492.872831  0.725140  636.322637  0.725194  552.194160   5.604332e-08   4.930673e+02  9.931474e-03   1.411155e-18
154   770.0  0.471434  199.257177  0.699504  485.476346  0.725120  635.873878  0.725173  551.745608   3.025409e-08   4.918900e+02  1.378316e-02   2.771100e-18
155   775.0  0.471420  197.936591  0.698635  478.084830  0.725100  635.425040  0.725153  551.297019   1.621034e-08   4.904319e+02  1.901036e-02   5.407419e-18
156   780.0  0.471406  196.615963  0.697715  470.702647  0.725081  634.976111  0.725133  550.848392   8.620724e-09   4.886703e+02  2.605900e-02   1.048589e-17
157   785.0  0.471391  195.295293  0.696739  463.334536  0.725061  634.527071  0.725114  550.399728   4.550223e-09   4.865789e+02  3.550348e-02   2.020760e-17
158   790.0  0.471377  193.974581  0.695700  455.985671  0.725042  634.077895  0.725094  549.951027   2.383693e-09   4.841289e+02  4.807840e-02   3.870212e-17
159   795.0  0.471362  192.653824  0.694594  448.661716  0.725023  633.628553  0.725075  549.502290   1.239325e-09   4.812891e+02  6.471640e-02   7.366854e-17
160   800.0  0.471347  191.333024  0.693412  441.368872  0.725005  633.179001  0.725056  549.053517   6.394753e-10   4.780269e+02  8.659317e-02   1.393711e-16
161   805.0  0.471332  190.012179  0.692150  434.113903  0.724986  632.729186  0.725037  548.604709   3.274522e-10   4.743090e+02  1.151801e-01   2.620732e-16
162   810.0  0.471317  188.691290  0.690799  426.904160  0.724967  632.279040  0.725018  548.155866   1.663935e-10   4.701019e+02  1.523054e-01   4.898328e-16
163   815.0  0.471302  187.370355  0.689352  419.747591  0.724949  631.828476  0.725000  547.706988   8.390028e-11   4.653732e+02  2.002242e-01   9.100472e-16
164   820.0  0.471286  186.049373  0.687801  412.652731  0.724930  631.377383  0.724982  547.258076   4.197568e-11   4.600921e+02  2.616982e-01   1.680685e-15
165   825.0  0.471270  184.728345  0.686137  405.628688  0.724912  630.925625  0.724964  546.809129   2.083542e-11   4.542299e+02  3.400848e-01   3.085534e-15
166   830.0  0.471254  183.407270  0.684351  398.685110  0.724893  630.473030  0.724946  546.360149   1.025966e-11   4.477617e+02  4.394358e-01   5.631333e-15
167   835.0  0.471238  182.086146  0.682434  391.832136  0.724875  630.019387  0.724928  545.911136   5.011142e-12   4.406663e+02  5.646048e-01   1.021748e-14
168   840.0  0.471222  180.764974  0.680373  385.080342  0.724856  629.564437  0.724910  545.462089   2.427454e-12   4.329275e+02  7.213636e-01   1.843075e-14
169   845.0  0.471205  179.443753  0.678157  378.440670  0.724837  629.107864  0.724893  545.013010   1.166007e-12   4.245345e+02  9.165238e-01   3.305397e-14
170   850.0  0.471188  178.122482  0.675772  371.924342  0.724817  628.649285  0.724876  544.563899   5.552614e-13   4.154827e+02  1.158064e+00   5.893862e-14
171   855.0  0.471171  176.801160  0.673203  365.542776  0.724798  628.188239  0.724859  544.114755   2.620792e-13   4.057740e+02  1.455260e+00   1.044928e-13
172   860.0  0.471154  175.479788  0.670434  359.307481  0.724777  627.724173  0.724842  543.665579   1.225678e-13   3.954172e+02  1.818808e+00   1.842033e-13
173   865.0  0.471136  174.158363  0.667445  353.229954  0.724756  627.256435  0.724825  543.216372   5.677686e-14   3.844283e+02  2.260952e+00   3.228840e-13
174   870.0  0.471118  172.836885  0.664216  347.321575  0.724734  626.784249  0.724808  542.767133   2.603900e-14   3.728306e+02  2.795592e+00   5.627923e-13
175   875.0  0.471100  171.515354  0.660723  341.593496  0.724711  626.306709  0.724792  542.317863   1.181669e-14   3.606545e+02  3.438383e+00   9.754743e-13
176   880.0  0.471081  170.193767  0.656940  336.056552  0.724687  625.822760  0.724775  541.868563   5.302575e-15   3.479371e+02  4.206807e+00   1.681370e-12
177   885.0  0.471061  168.872122  0.652842  330.721197  0.724661  625.331176  0.724759  541.419231   2.350810e-15   3.347222e+02  5.120225e+00   2.882067e-12
178   890.0  0.471039  167.550414  0.648438  325.597621  0.724633  624.830551  0.724743  540.969870   1.028486e-15   3.210599e+02  6.199891e+00   4.913052e-12
179   895.0  0.471011  166.228631  0.643905  320.696651  0.724604  624.319278  0.724727  540.520478   4.433899e-16   3.070084e+02  7.468923e+00   8.329492e-12
180   900.0  0.470969  164.906742  0.640013  316.006796  0.724572  623.795530  0.724711  540.071056   1.879813e-16   2.926441e+02  8.952239e+00   1.404490e-11
181   905.0  0.470892  163.584672  0.636305  311.492194  0.724538  623.257250  0.724695  539.621605   7.816081e-17   2.780543e+02  1.067643e+01   2.355401e-11
182   910.0  0.470728  162.262231  0.632350  307.135692  0.724501  622.702131  0.724679  539.172124   3.174699e-17   2.633125e+02  1.266958e+01   3.928888e-11
183   915.0  0.470340  160.938941  0.628146  302.939857  0.724461  622.127606  0.724664  538.722614   1.252336e-17   2.484944e+02  1.496104e+01   6.518477e-11
184   920.0  0.469378  159.613595  0.623686  298.906540  0.724417  621.530837  0.724648  538.273075   4.754360e-18   2.336767e+02  1.758112e+01   1.075739e-10
185   925.0  0.466919  158.283169  0.618960  295.036821  0.724369  620.908710  0.724633  537.823506   1.710951e-18   2.189359e+02  2.056072e+01   1.765891e-10
186   930.0  0.460351  156.940352  0.613960  291.330986  0.724317  620.257826  0.724618  537.373909   5.676848e-19   2.043474e+02  2.393093e+01   2.883569e-10
187   935.0  0.441275  155.571865  0.608677  287.788527  0.724260  619.574507  0.724603  536.924284   1.635149e-19   1.899841e+02  2.772253e+01   4.684012e-10
188   940.0  0.380224  154.231732  0.603106  284.408162  0.724198  618.854795  0.724588  536.474630   3.388494e-20   1.759159e+02  3.196549e+01   7.569011e-10
189   945.0  0.276092  153.174661  0.597239  281.187846  0.724130  618.094465  0.724573  536.024948   1.894229e-21   1.622083e+02  3.668836e+01   1.216762e-09
190   950.0  0.251253  152.401798  0.591075  278.124813  0.724056  617.289040  0.724558  535.575238   1.004359e-24   1.489217e+02  4.191773e+01   1.945942e-09
191   955.0  0.251000  151.675705  0.584612  275.215603  0.723975  616.433808  0.724543  535.125500   7.868427e-31   1.361112e+02  4.767754e+01   3.096161e-09
192   960.0  0.251000  150.949984  0.577855  272.456129  0.723888  615.523850  0.724528  534.675734   3.877386e-37   1.238253e+02  5.398849e+01   4.901151e-09
193   965.0  0.251000  150.224263  0.570846  269.841795  0.723794  614.554070  0.724513  534.225941   1.859417e-43   1.121065e+02  6.086744e+01   7.719078e-09
194   970.0  0.251000  149.498542  0.563925  267.368261  0.723692  613.519233  0.724499  533.776120   8.653592e-50   1.009929e+02  6.832679e+01   1.209587e-08
195   975.0  0.251000  148.772821  0.557872  265.017425  0.723582  612.414006  0.724484  533.326271   3.936791e-56   9.053022e+01  7.637395e+01   1.885925e-08
196   980.0  0.251000  148.047100  0.551834  262.769301  0.723463  611.233003  0.724470  532.876396   1.774667e-62   8.074435e+01  8.501088e+01   2.925760e-08
197   985.0  0.251000  147.321379  0.545799  260.617157  0.723337  609.970837  0.724455  532.426494   8.046721e-69   7.164675e+01  9.423364e+01   4.516391e-08
198   990.0  0.251000  146.595657  0.539805  258.555058  0.723199  608.617356  0.724441  531.976564   3.709143e-75   6.324078e+01  1.040322e+02   6.937353e-08
199   995.0  0.251000  145.869936  0.533897  256.576904  0.723029  607.155567  0.724427  531.526608   1.742106e-81   5.552250e+01  1.143902e+02   1.060368e-07
200  1000.0  0.251000  145.144215  0.528122  254.676511  0.722841  605.572804  0.724413  531.076625   8.289364e-88   4.848106e+01  1.252850e+02   1.612840e-07
201  1005.0  0.251000  144.418494  0.522529  252.847677  0.722641  603.862966  0.724398  530.626615   3.957740e-94   4.209911e+01  1.366875e+02   2.441228e-07
202  1010.0  0.251000  143.692773  0.517166  251.084256  0.722428  602.020313  0.724384  530.176579  1.879808e-100   3.635341e+01  1.485620e+02   3.677213e-07
203  1015.0  0.251000  142.967052  0.512075  249.380208  0.722204  600.039517  0.724370  529.726516  8.840112e-107   3.121554e+01  1.608672e+02   5.512306e-07
204  1020.0  0.251000  142.241331  0.507295  247.729669  0.721967  597.915730  0.724356  529.276427  4.115023e-113   2.665266e+01  1.735559e+02   8.223612e-07
205  1025.0  0.251000  141.515610  0.502855  246.126998  0.721718  595.644640  0.724342  528.826312  1.902468e-119   2.262842e+01  1.865763e+02   1.221005e-06
206  1030.0  0.251000  140.789889  0.498778  244.566831  0.721457  593.222528  0.724329  528.376171  8.781193e-126   1.910380e+01  1.998718e+02   1.804297e-06
207  1035.0  0.251000  140.064168  0.495076  243.044119  0.721184  590.646316  0.724315  527.926003  4.066464e-132   1.603815e+01  2.133824e+02   2.653659e-06
208  1040.0  0.251000  139.338447  0.491752  241.554163  0.720900  587.913604  0.724301  527.475810  1.894665e-138   1.339002e+01  2.270454e+02   3.884534e-06
209  1045.0  0.251000  138.612726  0.488801  240.092636  0.720605  585.022699  0.724287  527.025591  8.881380e-145   1.111809e+01  2.407959e+02   5.659784e-06
210  1050.0  0.251000  137.887005  0.486209  238.655598  0.720299  581.972636  0.724273  526.575345  4.178651e-151   9.181960e+00  2.545682e+02   8.208015e-06
211  1055.0  0.251000  137.161283  0.483955  237.239498  0.719984  578.763190  0.724260  526.125075  1.966887e-157   7.542823e+00  2.682964e+02   1.184851e-05
212  1060.0  0.251000  136.435562  0.482016  235.841170  0.719659  575.394873  0.724246  525.674778  9.236795e-164   6.164024e+00  2.819153e+02   1.702500e-05
213  1065.0  0.251000  135.709841  0.480364  234.457821  0.719326  571.868928  0.724232  525.224455  4.322029e-170   5.011474e+00  2.953616e+02   2.435108e-05
214  1070.0  0.251000  134.984120  0.478967  233.087008  0.718958  568.160869  0.724219  524.774107  2.015547e-176   4.053921e+00  3.085747e+02   3.467105e-05
215  1075.0  0.251000  134.258399  0.477798  231.726619  0.718472  564.234118  0.724205  524.323734  9.381238e-183   3.263098e+00  3.214986e+02   4.914093e-05
216  1080.0  0.251000  133.532678  0.476826  230.374840  0.717943  560.079755  0.724192  523.873334  4.366190e-189   2.613749e+00  3.340809e+02   6.933575e-05
217  1085.0  0.251000  132.806957  0.476025  229.030128  0.717393  555.703081  0.724178  523.422910  2.035123e-195   2.083570e+00  3.462728e+02   9.739091e-05
218  1090.0  0.251000  132.081236  0.475368  227.691183  0.716825  551.110369  0.724165  522.972459  9.506653e-202   1.653070e+00  3.580303e+02   1.361873e-04
219  1095.0  0.251000  131.355515  0.474834  226.356915  0.716241  546.308639  0.724151  522.521983  4.449412e-208   1.305386e+00  3.693148e+02   1.895928e-04
220  1100.0  0.251000  130.629794  0.474403  225.026419  0.715640  541.305547  0.724138  522.071481  2.084556e-214   1.026064e+00  3.800935e+02   2.627747e-04
221  1105.0  0.251000  129.904073  0.474055  223.698947  0.715023  536.109296  0.724125  521.620952  9.765107e-221   8.028183e-01  3.903390e+02   3.626029e-04
222  1110.0  0.251000  129.178352  0.473778  222.373887  0.714392  530.728542  0.724111  521.170398  4.570096e-227   6.252965e-01  4.000299e+02   4.981669e-04
223  1115.0  0.251000  128.452631  0.473557  221.050740  0.713745  525.172296  0.724098  520.719817  2.136083e-233   4.848376e-01  4.091502e+02   6.814339e-04
224  1120.0  0.251000  127.726909  0.473382  219.729101  0.713084  519.449841  0.724084  520.269209  9.973511e-240   3.742501e-01  4.176894e+02   9.280842e-04
225  1125.0  0.251000  127.001188  0.473244  218.408646  0.712410  513.570638  0.724071  519.818573  4.654368e-246   2.876043e-01  4.256420e+02   1.258564e-03
226  1130.0  0.251000  126.275467  0.473136  217.089115  0.711722  507.544248  0.724058  519.367909  2.172377e-252   2.200430e-01  4.330070e+02   1.699405e-03
227  1135.0  0.251000  125.549746  0.473051  215.770300  0.711022  501.380253  0.724044  518.917214  1.014552e-258   1.676131e-01  4.397878e+02   2.284871e-03
228  1140.0  0.251000  124.824025  0.472984  214.452038  0.710308  495.088194  0.724031  518.466489  4.741815e-265   1.271176e-01  4.459913e+02   3.058997e-03
229  1145.0  0.251000  124.098304  0.472932  213.134199  0.709582  488.677507  0.724018  518.015731  2.217564e-271   9.598613e-02  4.516274e+02   4.078103e-03
230  1150.0  0.251000  123.372583  0.472892  211.816684  0.708844  482.157472  0.724005  517.564937  1.037330e-277   7.216452e-02  4.567086e+02   5.413877e-03
231  1155.0  0.251000  122.646862  0.472860  210.499412  0.708092  475.537178  0.723991  517.114103  4.851824e-284   5.402046e-02  4.612493e+02   7.157134e-03
232  1160.0  0.251000  121.921141  0.472835  209.182324  0.707328  468.825485  0.723978  516.663227  2.268460e-290   4.026413e-02  4.652651e+02   9.422358e-03
233  1165.0  0.251000  121.195420  0.472816  207.865371  0.706550  462.031007  0.723965  516.212303  1.060151e-296   2.988203e-02  4.687724e+02   1.235319e-02
234  1170.0  0.251000  120.469699  0.472800  206.548519  0.705758  455.162098  0.723952  515.761322  4.952954e-303   2.208204e-02  4.717877e+02   1.612897e-02
235  1175.0  0.251000  119.743978  0.472788  205.231739  0.704951  448.226849  0.723938  515.310278  2.313728e-309   1.624842e-02  4.743272e+02   2.097258e-02
236  1180.0  0.251000  119.018257  0.472778  203.915010  0.704128  441.233089  0.723925  514.859159  1.080947e-315   1.190505e-02  4.764065e+02   2.715961e-02
237  1185.0  0.251000  118.292536  0.472769  202.598317  0.703287  434.188403  0.723912  514.407951  4.743030e-322   8.685705e-03  4.780399e+02   3.502928e-02
238  1190.0  0.251000  117.566814  0.472762  201.281647  0.702427  427.100143  0.723898  513.956637   0.000000e+00   6.310119e-03  4.792403e+02   4.499703e-02
239  1195.0  0.251000  116.841093  0.472756  199.964992  0.701545  419.975459  0.723885  513.505196   0.000000e+00   4.564927e-03  4.800187e+02   5.756929e-02
240  1200.0  0.251000  116.115372  0.472751  198.648345  0.700641  412.821321  0.723872  513.053602   0.000000e+00   3.288509e-03  4.803844e+02   7.336033e-02
241  1205.0  0.251000  115.389651  0.472746  197.331700  0.699711  405.644554  0.723858  512.601821   0.000000e+00   2.359055e-03  4.803446e+02   9.311174e-02
242  1210.0  0.251000  114.663930  0.472741  196.015055  0.698753  398.451869  0.723845  512.149814   0.000000e+00   1.685218e-03  4.799043e+02   1.177144e-01
243  1215.0  0.251000  113.938209  0.472737  194.698407  0.697764  391.249902  0.723831  511.697531   0.000000e+00   1.198831e-03  4.790665e+02   1.482332e-01
244  1220.0  0.251000  113.212488  0.472733  193.381752  0.696741  384.045247  0.723817  511.244914   0.000000e+00   8.492755e-04  4.778321e+02   1.859354e-01
245  1225.0  0.251000  112.486767  0.472729  192.065091  0.695681  376.844489  0.723804  510.791890   0.000000e+00   5.991465e-04  4.762003e+02   2.323208e-01
246  1230.0  0.251000  111.761046  0.472725  190.748422  0.694579  369.654239  0.723790  510.338373   0.000000e+00   4.209360e-04  4.741683e+02   2.891566e-01
247  1235.0  0.251000  111.035325  0.472722  189.431744  0.693434  362.481164  0.723776  509.884258   0.000000e+00   2.945119e-04  4.717321e+02   3.585142e-01
248  1240.0  0.251000  110.309604  0.472718  188.115056  0.692239  355.332011  0.723762  509.429420   0.000000e+00   2.052098e-04  4.688862e+02   4.428096e-01
249  1245.0  0.251000  109.583883  0.472714  186.798358  0.690991  348.213634  0.723747  508.973712   0.000000e+00   1.423989e-04  4.656246e+02   5.448472e-01
250  1250.0  0.251000  108.858162  0.472711  185.481650  0.689686  341.133007  0.723733  508.516956   0.000000e+00   9.840877e-05  4.619403e+02   6.678649e-01
251  1255.0  0.251000  108.132440  0.472707  184.164932  0.688319  334.097241  0.723718  508.058947   0.000000e+00   6.773047e-05  4.578263e+02   8.155834e-01
252  1260.0  0.251000  107.406719  0.472703  182.848203  0.686883  327.113589  0.723703  507.599440   0.000000e+00   4.642613e-05  4.532757e+02   9.922551e-01
253  1265.0  0.251000  106.680998  0.472700  181.531463  0.685375  320.189448  0.723687  507.138151   0.000000e+00   3.169377e-05  4.482821e+02   1.202716e+00
254  1270.0  0.251000  105.955277  0.472696  180.214713  0.683787  313.332356  0.723671  506.674747   0.000000e+00   2.154880e-05  4.428400e+02   1.452437e+00
255  1275.0  0.251000  105.229556  0.472692  178.897951  0.682114  306.549980  0.723654  506.208845   0.000000e+00   1.459201e-05  4.369450e+02   1.747575e+00
256  1280.0  0.251000  104.503835  0.472689  177.581178  0.680350  299.850105  0.723637  505.740000   0.000000e+00   9.841344e-06  4.305943e+02   2.095019e+00
257  1285.0  0.251000  103.778114  0.472685  176.264394  0.678486  293.240606  0.723619  505.267704   0.000000e+00   6.610679e-06  4.237870e+02   2.502442e+00
258  1290.0  0.251000  103.052393  0.472681  174.947599  0.676515  286.729431  0.723600  504.791372   0.000000e+00   4.422775e-06  4.165242e+02   2.978335e+00
259  1295.0  0.251000  102.326672  0.472678  173.630792  0.674429  280.324561  0.723581  504.310341   0.000000e+00   2.947172e-06  4.088096e+02   3.532048e+00
260  1300.0  0.251000  101.600951  0.472674  172.313974  0.672218  274.033986  0.723560  503.823857   0.000000e+00   1.956062e-06  4.006493e+02   4.173817e+00
261  1305.0  0.251000  100.875230  0.472670  170.997144  0.669873  267.865659  0.723538  503.331070   0.000000e+00   1.293097e-06  3.920521e+02   4.914779e+00
262  1310.0  0.251000  100.149509  0.472666  169.680303  0.667382  261.827459  0.723515  502.831025   0.000000e+00   8.514433e-07  3.830298e+02   5.766985e+00
263  1315.0  0.251000   99.423788  0.472662  168.363451  0.664734  255.927150  0.723491  502.322652   0.000000e+00   5.584199e-07  3.735970e+02   6.743388e+00
264  1320.0  0.251000   98.698066  0.472659  167.046587  0.661915  250.172340  0.723464  501.804759   0.000000e+00   3.647971e-07  3.637712e+02   7.857828e+00
265  1325.0  0.251000   97.972345  0.472655  165.729711  0.658911  244.570434  0.723436  501.276026   0.000000e+00   2.373732e-07  3.535728e+02   9.124995e+00
266  1330.0  0.251000   97.246624  0.472651  164.412823  0.655704  239.128602  0.723406  500.734995   0.000000e+00   1.538533e-07  3.430249e+02   1.056037e+01
267  1335.0  0.251000   96.520903  0.472647  163.095924  0.652282  233.853762  0.723374  500.180063   0.000000e+00   9.933005e-08  3.321532e+02   1.218017e+01
268  1340.0  0.251000   95.795182  0.472643  161.779012  0.648643  228.752643  0.723340  499.609476   0.000000e+00   6.387901e-08  3.209861e+02   1.400122e+01
269  1345.0  0.251000   95.069461  0.472639  160.462089  0.644870  223.832233  0.723302  499.021326   0.000000e+00   4.092077e-08  3.095552e+02   1.604087e+01
270  1350.0  0.251000   94.343740  0.472635  159.145154  0.641452  219.093935  0.723262  498.413543   0.000000e+00   2.611211e-08  2.978995e+02   1.831688e+01
271  1355.0  0.251000   93.618019  0.472631  157.828207  0.638497  214.508738  0.723219  497.783896   0.000000e+00   1.659805e-08  2.860708e+02   2.084718e+01
272  1360.0  0.251000   92.892298  0.472627  156.511247  0.635401  210.051082  0.723172  497.129986   0.000000e+00   1.050978e-08  2.741107e+02   2.364982e+01
273  1365.0  0.251000   92.166577  0.472623  155.194276  0.632145  205.723117  0.723122  496.449252   0.000000e+00   6.629118e-09  2.620597e+02   2.674266e+01
274  1370.0  0.251000   91.440856  0.472619  153.877292  0.628725  201.526537  0.723068  495.738970   0.000000e+00   4.165316e-09  2.499593e+02   3.014324e+01
275  1375.0  0.251000   90.715135  0.472615  152.560296  0.625135  197.462621  0.723010  494.996257   0.000000e+00   2.607201e-09  2.378514e+02   3.386850e+01
276  1380.0  0.251000   89.989414  0.472611  151.243288  0.621370  193.532225  0.722947  494.218077   0.000000e+00   1.625696e-09  2.257781e+02   3.793459e+01
277  1385.0  0.251000   89.263692  0.472607  149.926267  0.617425  189.735769  0.722880  493.401249   0.000000e+00   1.009828e-09  2.137809e+02   4.235658e+01
278  1390.0  0.251000   88.537971  0.472603  148.609234  0.613297  186.073243  0.722807  492.542460   0.000000e+00   6.248876e-10  2.019005e+02   4.714823e+01
279  1395.0  0.251000   87.812250  0.472599  147.292189  0.608980  182.544199  0.722730  491.638271   0.000000e+00   3.852189e-10  1.901766e+02   5.232176e+01
280  1400.0  0.251000   87.086529  0.472595  145.975130  0.604470  179.147765  0.722647  490.685139   0.000000e+00   2.365747e-10  1.786473e+02   5.788753e+01
281  1405.0  0.251000   86.360808  0.472591  144.658059  0.599765  175.882652  0.722559  489.679432   0.000000e+00   1.447399e-10  1.673489e+02   6.385387e+01
282  1410.0  0.251000   85.635087  0.472586  143.340976  0.594862  172.747166  0.722464  488.617444   0.000000e+00   8.822085e-11  1.563155e+02   7.022681e+01
283  1415.0  0.251000   84.909366  0.472582  142.023879  0.589759  169.739228  0.722363  487.495422   0.000000e+00   5.356996e-11  1.455788e+02   7.700988e+01
284  1420.0  0.251000   84.183645  0.472578  140.706770  0.584456  166.856387  0.722256  486.309587   0.000000e+00   3.240726e-11  1.351680e+02   8.420391e+01
285  1425.0  0.251000   83.457924  0.472574  139.389648  0.578956  164.095848  0.722143  485.056156   0.000000e+00   1.953161e-11  1.251093e+02   9.180689e+01
286  1430.0  0.251000   82.732203  0.472569  138.072513  0.573268  161.454512  0.722023  483.731364   0.000000e+00   1.172769e-11  1.154260e+02   9.981379e+01
287  1435.0  0.251000   82.006482  0.472565  136.755364  0.567466  158.929149  0.721883  482.321943   0.000000e+00   7.015670e-12  1.061388e+02   1.082166e+02
288  1440.0  0.251000   81.280761  0.472561  135.438203  0.562107  156.512981  0.721720  480.814217   0.000000e+00   4.181305e-12  9.726988e+01   1.170043e+02
289  1445.0  0.251000   80.555040  0.472556  134.121028  0.557214  154.191082  0.721547  479.203727   0.000000e+00   2.482814e-12  8.884512e+01   1.261626e+02
290  1450.0  0.251000   79.829318  0.472552  132.803841  0.552297  151.951793  0.721365  477.486214   0.000000e+00   1.468824e-12  8.087479e+01   1.356740e+02
291  1455.0  0.251000   79.103597  0.472548  131.486639  0.547371  149.791251  0.721173  475.657625   0.000000e+00   8.657494e-13  7.336478e+01   1.455180e+02
292  1460.0  0.251000   78.377876  0.472543  130.169425  0.542461  147.705469  0.720972  473.714138   0.000000e+00   5.084108e-13  6.631767e+01   1.556710e+02
293  1465.0  0.251000   77.652155  0.472539  128.852197  0.537595  145.690381  0.720761  471.652203   0.000000e+00   2.974686e-13  5.973270e+01   1.661068e+02
294  1470.0  0.251000   76.926434  0.472534  127.534955  0.532799  143.741859  0.720540  469.468568   0.000000e+00   1.734101e-13  5.360584e+01   1.767963e+02
295  1475.0  0.251000   76.200713  0.472530  126.217700  0.528099  141.855748  0.720309  467.160306   0.000000e+00   1.007205e-13  4.793001e+01   1.877081e+02
296  1480.0  0.251000   75.474992  0.472525  124.900431  0.523522  140.027892  0.720069  464.724849   0.000000e+00   5.828744e-14  4.269526e+01   1.988089e+02
297  1485.0  0.251000   74.749271  0.472521  123.583148  0.519094  138.254161  0.719819  462.160003   0.000000e+00   3.360847e-14  3.788900e+01   2.100633e+02
298  1490.0  0.251000   74.023550  0.472516  122.265852  0.514840  136.530486  0.719559  459.463975   0.000000e+00   1.930822e-14  3.349624e+01   2.214345e+02
299  1495.0  0.251000   73.297829  0.472512  120.948541  0.510781  134.852878  0.719291  456.635383   0.000000e+00   1.105245e-14  2.949989e+01   2.328844e+02
300  1500.0  0.251000   72.572108  0.472507  119.631217  0.506937  133.217459  0.719013  453.673276   0.000000e+00   6.303770e-15  2.588108e+01   2.443743e+02
301  1505.0  0.251000   71.846387  0.472502  118.313878  0.503324  131.620485  0.718726  450.577138   0.000000e+00   3.582373e-15  2.261944e+01   2.558649e+02
302  1510.0  0.251000   71.120666  0.472498  116.996525  0.499953  130.058367  0.718431  447.346893   0.000000e+00   2.028489e-15  1.969351e+01   2.673169e+02
303  1515.0  0.251000   70.394944  0.472493  115.679158  0.496832  128.527690  0.718128  443.982912   0.000000e+00   1.144481e-15  1.708102e+01   2.786912e+02
304  1520.0  0.251000   69.669223  0.472488  114.361777  0.493965  127.025226  0.717817  440.486002   0.000000e+00   6.434000e-16  1.475927e+01   2.899493e+02
305  1525.0  0.251000   68.943502  0.472483  113.044381  0.491351  125.547951  0.717499  436.853477   0.000000e+00   3.604066e-16  1.270546e+01   3.010538e+02
306  1530.0  0.251000   68.217781  0.472479  111.726971  0.488985  124.093048  0.717101  433.054083   0.000000e+00   2.011621e-16  1.089699e+01   3.119691e+02
307  1535.0  0.251000   67.492060  0.472474  110.409546  0.486860  122.657914  0.716620  429.060902   0.000000e+00   1.118777e-16  9.311766e+00   3.226621e+02
308  1540.0  0.251000   66.766339  0.472469  109.092107  0.484964  121.240163  0.716113  424.876870   0.000000e+00   6.199931e-17  7.928413e+00   3.331001e+02
309  1545.0  0.251000   66.040618  0.472464  107.774653  0.483284  119.837619  0.715587  420.505899   0.000000e+00   3.423566e-17  6.726507e+00   3.432527e+02
310  1550.0  0.251000   65.314897  0.472459  106.457184  0.481805  118.448318  0.715044  415.952472   0.000000e+00   1.883739e-17  5.686733e+00   3.530912e+02
311  1555.0  0.251000   64.589176  0.472454  105.139700  0.480511  117.070490  0.714483  411.221555   0.000000e+00   1.032797e-17  4.791003e+00   3.625895e+02
312  1560.0  0.251000   63.863455  0.472449  103.822201  0.479387  115.702560  0.713905  406.318554   0.000000e+00   5.642396e-18  4.022540e+00   3.717239e+02
313  1565.0  0.251000   63.137734  0.472444  102.504687  0.478415  114.343129  0.713310  401.249268   0.000000e+00   3.071621e-18  3.365922e+00   3.804731e+02
314  1570.0  0.251000   62.412013  0.472439  101.187158  0.477579  112.990962  0.712696  396.019850   0.000000e+00   1.666207e-18  2.807085e+00   3.888186e+02
315  1575.0  0.251000   61.686292  0.472434   99.869614  0.476865  111.644980  0.712065  390.636771   0.000000e+00   9.006349e-19  2.333308e+00   3.967442e+02
316  1580.0  0.251000   60.960570  0.472429   98.552054  0.476256  110.304241  0.711416  385.106770   0.000000e+00   4.850969e-19  1.933166e+00   4.042361e+02
317  1585.0  0.251000   60.234849  0.472424   97.234479  0.475741  108.967927  0.710748  379.436822   0.000000e+00   2.603569e-19  1.596473e+00   4.112832e+02
318  1590.0  0.251000   59.509128  0.472419   95.916889  0.475307  107.635335  0.710062  373.634098   0.000000e+00   1.392424e-19  1.314204e+00   4.178762e+02
319  1595.0  0.251000   58.783407  0.472414   94.599282  0.474942  106.305860  0.709356  367.705925   0.000000e+00   7.420555e-20  1.078411e+00   4.240083e+02
320  1600.0  0.251000   58.057686  0.472409   93.281660  0.474636  104.978985  0.708632  361.659758   0.000000e+00   3.940619e-20  8.821391e-01   4.296745e+02
321  1605.0  0.251000   57.331965  0.472403   91.964023  0.474382  103.654273  0.707887  355.503142   0.000000e+00   2.085239e-20  7.193348e-01   4.348715e+02
322  1610.0  0.251000   56.606244  0.472398   90.646369  0.474171  102.331350  0.707123  349.243690   0.000000e+00   1.099540e-20  5.847563e-01   4.395976e+02
323  1615.0  0.251000   55.880523  0.472393   89.328700  0.473996  101.009905  0.706337  342.889054   0.000000e+00   5.777363e-21  4.738888e-01   4.438526e+02
324  1620.0  0.251000   55.154802  0.472388   88.011014  0.473852   99.689674  0.705530  336.446906   0.000000e+00   3.024903e-21  3.828624e-01   4.476371e+02
325  1625.0  0.251000   54.429081  0.472382   86.693312  0.473734   98.370437  0.704701  329.924917   0.000000e+00   1.578177e-21  3.083755e-01   4.509531e+02
326  1630.0  0.251000   53.703360  0.472377   85.375594  0.473637   97.052011  0.703848  323.330743   0.000000e+00   8.204685e-22  2.476245e-01   4.538030e+02
327  1635.0  0.251000   52.977639  0.472371   84.057859  0.473557   95.734245  0.702971  316.672013   0.000000e+00   4.250389e-22  1.982390e-01   4.561900e+02
328  1640.0  0.251000   52.251918  0.472366   82.740108  0.473492   94.417014  0.702068  309.956322   0.000000e+00   2.194091e-22  1.582235e-01   4.581175e+02
329  1645.0  0.251000   51.526196  0.472361   81.422341  0.473439   93.100212  0.701139  303.191221   0.000000e+00   1.128594e-22  1.259052e-01   4.595893e+02
330  1650.0  0.251000   50.800475  0.472355   80.104556  0.473396   91.783757  0.700182  296.384219   0.000000e+00   5.784639e-23  9.988734e-02   4.606092e+02
331  1655.0  0.251000   50.074754  0.472349   78.786755  0.473361   90.467579  0.699195  289.542776   0.000000e+00   2.954387e-23  7.900879e-02   4.611812e+02
332  1660.0  0.251000   49.349033  0.472344   77.468937  0.473333   89.151621  0.698177  282.674307   0.000000e+00   1.503516e-23  6.230770e-02   4.613090e+02
333  1665.0  0.251000   48.623312  0.472338   76.151102  0.473310   87.835838  0.697125  275.786183   0.000000e+00   7.624210e-24  4.899057e-02   4.609963e+02
334  1670.0  0.251000   47.897591  0.472333   74.833250  0.473291   86.520192  0.696039  268.885734   0.000000e+00   3.852333e-24  3.840527e-02   4.602465e+02
335  1675.0  0.251000   47.171870  0.472327   73.515381  0.473275   85.204654  0.694916  261.980255   0.000000e+00   1.939503e-24  3.001783e-02   4.590629e+02
336  1680.0  0.251000   46.446149  0.472321   72.197494  0.473262   83.889200  0.693753  255.077005   0.000000e+00   9.729484e-25  2.339273e-02   4.574486e+02
337  1685.0  0.251000   45.720428  0.472315   70.879590  0.473252   82.573810  0.692547  248.183217   0.000000e+00   4.863129e-25  1.817600e-02   4.554066e+02
338  1690.0  0.251000   44.994707  0.472310   69.561669  0.473243   81.258469  0.691297  241.306096   0.000000e+00   2.421933e-25  1.408101e-02   4.529398e+02
339  1695.0  0.251000   44.268986  0.472304   68.243729  0.473236   79.943166  0.690000  234.452826   0.000000e+00   1.201770e-25  1.087652e-02   4.500510e+02
340  1700.0  0.251000   43.543265  0.472298   66.925772  0.473230   78.627889  0.688651  227.630569   0.000000e+00   5.941353e-26  8.376635e-03   4.467432e+02
341  1705.0  0.251000   42.817544  0.472292   65.607797  0.473224   77.312633  0.687249  220.846464   0.000000e+00   2.926476e-26  6.432426e-03   4.430195e+02
342  1710.0  0.251000   42.091822  0.472286   64.289804  0.473220   75.997391  0.685788  214.107631   0.000000e+00   1.436118e-26  4.925021e-03   4.388834e+02
343  1715.0  0.251000   41.366101  0.472280   62.971793  0.473215   74.682157  0.684266  207.421161   0.000000e+00   7.021165e-27  3.759862e-03   4.343388e+02
344  1720.0  0.251000   40.640380  0.472274   61.653763  0.473212   73.366929  0.682678  200.794116   0.000000e+00   3.419712e-27  2.861994e-03   4.293900e+02
345  1725.0  0.251000   39.914659  0.472268   60.335716  0.473208   72.051703  0.681020  194.233518   0.000000e+00   1.659270e-27  2.172205e-03   4.240421e+02
346  1730.0  0.251000   39.188938  0.472262   59.017649  0.473205   70.736478  0.679287  187.746344   0.000000e+00   8.020024e-28  1.643881e-03   4.183011e+02
347  1735.0  0.251000   38.463217  0.472255   57.699564  0.473202   69.421251  0.677474  181.339513   0.000000e+00   3.861426e-28  1.240453e-03   4.121735e+02
348  1740.0  0.251000   37.737496  0.472249   56.381461  0.473199   68.106022  0.675574  175.019873   0.000000e+00   1.851882e-28  9.333244e-04   4.056672e+02
349  1745.0  0.251000   37.011775  0.472243   55.063338  0.473197   66.790788  0.673583  168.794187   0.000000e+00   8.846065e-29  7.002124e-04   3.987911e+02
350  1750.0  0.251000   36.286054  0.472237   53.745196  0.473194   65.475550  0.671494  162.669118   0.000000e+00   4.208558e-29  5.238106e-04   3.915553e+02
351  1755.0  0.251000   35.560333  0.472230   52.427036  0.473192   64.160307  0.669298  156.651212   0.000000e+00   1.994043e-29  3.907225e-04   3.839709e+02
352  1760.0  0.251000   34.834612  0.472224   51.108856  0.473189   62.845058  0.666990  150.746877   0.000000e+00   9.408544e-30  2.906127e-04   3.760506e+02
353  1765.0  0.251000   34.108891  0.472217   49.790656  0.473187   61.529804  0.664560  144.962370   0.000000e+00   4.420394e-30  2.155338e-04   3.678082e+02
354  1770.0  0.251000   33.383170  0.472211   48.472438  0.473184   60.214543  0.661999  139.303773   0.000000e+00   2.067805e-30  1.593944e-04   3.592589e+02
355  1775.0  0.251000   32.657448  0.472204   47.154199  0.473182   58.899275  0.659296  133.776975   0.000000e+00   9.629908e-31  1.175411e-04   3.504193e+02
356  1780.0  0.251000   31.931727  0.472198   45.835941  0.473180   57.584001  0.656441  128.387661   0.000000e+00   4.464224e-31  8.643082e-05   3.413069e+02
357  1785.0  0.251000   31.206006  0.472191   44.517662  0.473177   56.268721  0.653424  123.141301   0.000000e+00   2.059779e-31  6.337406e-05   3.319409e+02
358  1790.0  0.251000   30.480285  0.472185   43.199364  0.473175   54.953433  0.650240  118.043188   0.000000e+00   9.457509e-32  4.633627e-05   3.223412e+02
359  1795.0  0.251000   29.754564  0.472178   41.881045  0.473173   53.638139  0.646922  113.098645   0.000000e+00   4.320497e-32  3.378311e-05   3.125294e+02
360  1800.0  0.251000   29.028843  0.472171   40.562706  0.473171   52.322838  0.643689  108.314087   0.000000e+00   1.963350e-32  2.456120e-05   3.025302e+02
361  1805.0  0.251000   28.303122  0.472164   39.244347  0.473168   51.007530  0.641053  103.672294   0.000000e+00   8.872765e-33  1.780630e-05   2.923774e+02
362  1810.0  0.251000   27.577401  0.472157   37.925966  0.473166   49.692215  0.638428   99.146197   0.000000e+00   3.986464e-33  1.287283e-05   2.821031e+02
363  1815.0  0.251000   26.851680  0.472150   36.607565  0.473164   48.376893  0.635685   94.730505   0.000000e+00   1.780041e-33  9.280107e-06   2.717339e+02
364  1820.0  0.251000   26.125959  0.472143   35.289143  0.473161   47.061564  0.632824   90.426819   0.000000e+00   7.895868e-34  6.671344e-06   2.612974e+02
365  1825.0  0.251000   25.400238  0.472136   33.970699  0.473159   45.746228  0.629841   86.236474   0.000000e+00   3.477543e-34  4.782526e-06   2.508213e+02
366  1830.0  0.251000   24.674517  0.472129   32.652233  0.473157   44.430885  0.626732   82.160513   0.000000e+00   1.519748e-34  3.418908e-06   2.403335e+02
367  1835.0  0.251000   23.948796  0.472121   31.333744  0.473155   43.115535  0.623494   78.199695   0.000000e+00   6.584944e-35  2.437284e-06   2.298619e+02
368  1840.0  0.251000   23.223074  0.472111   30.015228  0.473152   41.800178  0.620122   74.354488   0.000000e+00   2.826042e-35  1.732670e-06   2.194340e+02
369  1845.0  0.251000   22.497353  0.472098   28.696676  0.473150   40.484815  0.616615   70.625074   0.000000e+00   1.199746e-35  1.228341e-06   2.090771e+02
370  1850.0  0.251000   21.771632  0.472076   27.378070  0.473148   39.169444  0.612969   67.011343   0.000000e+00   5.029725e-36  8.683957e-07   1.988179e+02
371  1855.0  0.251000   21.045911  0.472032   26.059361  0.473145   37.854066  0.609181   63.512903   0.000000e+00   2.077518e-36  6.122303e-07   1.886821e+02
372  1860.0  0.251000   20.320190  0.471934   24.740429  0.473143   36.538681  0.605248   60.129077   0.000000e+00   8.427576e-37  4.304400e-07   1.786948e+02
373  1865.0  0.251000   19.594469  0.471702   23.420979  0.473141   35.223290  0.601170   56.858917   0.000000e+00   3.342090e-37  3.017961e-07   1.688797e+02
374  1870.0  0.251000   18.868748  0.471135   22.100280  0.473139   33.907891  0.596943   53.701202   0.000000e+00   1.286731e-37  2.110183e-07   1.592594e+02
375  1875.0  0.251000   18.143027  0.469724   20.776532  0.473136   32.592485  0.592567   50.654459   0.000000e+00   4.757188e-38  1.471412e-07   1.498552e+02
376  1880.0  0.251000   17.417306  0.466121   19.445346  0.473134   31.277073  0.588042   47.716964   0.000000e+00   1.657620e-38  1.023197e-07   1.406869e+02
377  1885.0  0.251000   16.691585  0.456423   18.096696  0.473132   29.961653  0.583367   44.886758   0.000000e+00   5.252298e-39  7.095721e-08   1.317725e+02
378  1890.0  0.251000   15.965864  0.427324   16.720495  0.473130   28.646227  0.578544   42.161660   0.000000e+00   1.389507e-39  4.907374e-08   1.231287e+02
379  1895.0  0.251000   15.240143  0.341085   15.463546  0.473127   27.330793  0.573580   39.539294   0.000000e+00   2.214935e-40  3.384692e-08   1.147702e+02
380  1900.0  0.251000   14.514422  0.258413   14.526997  0.473125   26.015353  0.568518   37.017188   0.000000e+00   3.839634e-42  2.328141e-08   1.067103e+02
381  1905.0  0.251000   13.788700  0.251019   13.788727  0.473123   24.699905  0.563734   34.591694   0.000000e+00   1.364540e-46  1.597061e-08   9.896298e+01
382  1910.0  0.251000   13.062979  0.251000   13.062979  0.473120   23.384450  0.559475   32.250329   0.000000e+00   6.367673e-53  1.092593e-08   9.154707e+01
383  1915.0  0.251000   12.337258  0.251000   12.337258  0.473118   22.068989  0.555206   29.981640   0.000000e+00   2.812059e-59  7.454564e-09   8.447117e+01
384  1920.0  0.251000   11.611537  0.251000   11.611537  0.473116   20.753520  0.550925   27.782801   0.000000e+00   1.248328e-65  5.072424e-09   7.774015e+01
385  1925.0  0.251000   10.885816  0.251000   10.885816  0.473114   19.438045  0.546646   25.650867   0.000000e+00   5.667539e-72  3.442235e-09   7.135688e+01
386  1930.0  0.251000   10.160095  0.251000   10.160095  0.473111   18.122562  0.542385   23.582819   0.000000e+00   2.646492e-78  2.329698e-09   6.532238e+01
387  1935.0  0.251000    9.434374  0.251000    9.434374  0.473109   16.807073  0.538159   21.575587   0.000000e+00   1.261989e-84  1.572516e-09   5.963575e+01
388  1940.0  0.251000    8.708653  0.251000    8.708653  0.473107   15.491576  0.533986   19.626065   0.000000e+00   6.059754e-91  1.058593e-09   5.429426e+01
389  1945.0  0.251000    7.982932  0.251000    7.982932  0.473104   14.176073  0.529882   17.731126   0.000000e+00   2.891521e-97  7.107295e-10   4.929343e+01
390  1950.0  0.251000    7.257211  0.251000    7.257211  0.473102   12.860562  0.525866   15.887639   0.000000e+00  1.360536e-103  4.759079e-10   4.462716e+01
391  1955.0  0.251000    6.531490  0.251000    6.531490  0.473100   11.545044  0.521954   14.092486   0.000000e+00  6.305088e-110  3.178243e-10   4.028777e+01
392  1960.0  0.251000    5.805769  0.251000    5.805769  0.473098   10.229520  0.518164   12.342579   0.000000e+00  2.890064e-116  2.116895e-10   3.626617e+01
393  1965.0  0.251000    5.080048  0.251000    5.080048  0.473095    8.913988  0.514510   10.634874   0.000000e+00  1.319925e-122  1.406247e-10   3.255201e+01
394  1970.0  0.251000    4.354326  0.251000    4.354326  0.473093    7.598449  0.511007    8.966387   0.000000e+00  6.051622e-129  9.317008e-11   2.913376e+01
395  1975.0  0.251000    3.628605  0.251000    3.628605  0.473091    6.282903  0.507667    7.334211   0.000000e+00  2.798714e-135  6.156673e-11   2.599892e+01
396  1980.0  0.251000    2.902884  0.251000    2.902884  0.473088    4.967350  0.504501    5.735525   0.000000e+00  1.306332e-141  4.057633e-11   2.313417e+01
397  1985.0  0.251000    2.177163  0.251000    2.177163  0.473086    3.651790  0.501516    4.167611   0.000000e+00  6.134644e-148  2.667220e-11   2.052552e+01
398  1990.0  0.251000    1.451442  0.251000    1.451442  0.473084    2.336223  0.498719    2.627859   0.000000e+00  2.884527e-154  1.748664e-11   1.815852e+01
399  1995.0  0.251000    0.725721  0.251000    0.725721  0.473081    1.020649  0.496112    1.113783   0.000000e+00  1.352286e-160  1.143451e-11   1.601838e+01
400  2000.0  0.251000    0.000000  0.251000    0.000000  0.251000    0.000000  0.251000    0.000000   0.000000e+00  6.306630e-167  8.918093e-12   1.498464e+01