          x      Sw_1         p_1      Sw_2         p_2      Sw_3         p_3      Sw_4         p_4           C_1           C_2           C_3           C_4
0       0.0  0.764052  619.763000  0.764735  647.130432  0.765246  665.254761  0.765666  622.600830  2.897418e-04  1.855410e-29  0.000000e+00  0.000000e+00
1       5.0  0.759458  619.375977  0.759739  646.744141  0.759639  664.868774  0.758819  622.214539  4.276320e-03  1.106888e-27  0.000000e+00  0.000000e+00
2      10.0  0.756025  618.982666  0.756441  646.351379  0.756620  664.476318  0.756952  621.821655  3.208997e-02  3.458077e-26  0.000000e+00  0.000000e+00
3      15.0  0.753392  618.584045  0.753939  645.954041  0.754613  664.079956  0.754620  621.425476  1.627251e-01  7.407670e-25  0.000000e+00  0.000000e+00
4      20.0  0.751242  618.179199  0.751912  645.553040  0.752551  663.680481  0.752889  621.026062  6.262234e-01  1.217027e-23  0.000000e+00  0.000000e+00
5      25.0  0.749365  617.763733  0.750117  645.148987  0.750677  663.277893  0.751304  620.624084  1.949022e+00  1.626879e-22  0.000000e+00  0.000000e+00
6      30.0  0.747709  617.326782  0.748571  644.742310  0.749086  662.872437  0.749650  620.219604  5.109365e+00  1.838923e-21  0.000000e+00  0.000000e+00
7      35.0  0.746222  616.846924  0.746958  644.332947  0.747658  662.464539  0.748267  619.812744  1.160644e+01  1.798883e-20  0.000000e+00  0.000000e+00
8      40.0  0.744868  616.288269  0.745648  643.921265  0.746516  662.054565  0.747127  619.403870  2.333205e+01  1.554320e-19  0.000000e+00  0.000000e+00
9      45.0  0.743646  615.598633  0.744537  643.507629  0.745145  661.642456  0.745764  618.992920  4.219667e+01  1.204483e-18  0.000000e+00  0.000000e+00
10     50.0  0.742453  614.711304  0.743448  643.092163  0.744220  661.228394  0.744859  618.580017  6.957900e+01  8.459024e-18  0.000000e+00  0.000000e+00
11     55.0  0.741321  613.544983  0.742535  642.674988  0.743307  660.812805  0.743858  618.165466  1.057942e+02  5.437647e-17  0.000000e+00  0.000000e+00
12     60.0  0.740179  611.981201  0.741437  642.256104  0.742240  660.395569  0.742932  617.749268  1.497883e+02  3.220420e-16  0.000000e+00  0.000000e+00
13     65.0  0.739018  609.915894  0.740687  641.835571  0.741266  659.976624  0.741943  617.331421  1.992143e+02  1.769892e-15  3.887445e-38  0.000000e+00
14     70.0  0.737833  607.304871  0.739839  641.413696  0.740566  659.556213  0.741174  616.912048  2.508641e+02  9.073101e-15  4.349416e-37  0.000000e+00
15     75.0  0.736640  604.131897  0.739212  640.990479  0.739779  659.134521  0.740347  616.491333  3.013173e+02  4.360771e-14  4.692055e-36  0.000000e+00
16     80.0  0.735368  600.293030  0.738510  640.566162  0.739310  658.711792  0.739765  616.069336  3.475887e+02  1.972297e-13  3.990886e-35  0.000000e+00
17     85.0  0.734010  595.734558  0.737983  640.140808  0.738570  658.288025  0.739012  615.646179  3.875866e+02  8.427593e-13  2.951764e-34  0.000000e+00
18     90.0  0.732650  590.561462  0.737413  639.714478  0.737947  657.862976  0.738595  615.221924  4.202802e+02  3.413128e-12  2.055467e-33  0.000000e+00
19     95.0  0.731322  584.889221  0.736796  639.287170  0.737566  657.437073  0.738126  614.796997  4.456248e+02  1.313223e-11  1.362121e-32  0.000000e+00
20    100.0  0.730039  578.829834  0.736307  638.858887  0.736903  657.010315  0.737516  614.371094  4.643090e+02  4.814920e-11  8.599406e-32  0.000000e+00
21    105.0  0.728807  572.482056  0.735739  638.429626  0.736347  656.582520  0.736864  613.944031  4.774396e+02  1.685362e-10  5.191812e-31  0.000000e+00
22    110.0  0.727632  565.926392  0.735289  637.999512  0.735774  656.153687  0.736395  613.515930  4.862559e+02  5.646014e-10  3.001939e-30  0.000000e+00
23    115.0  0.726510  559.224426  0.734831  637.568542  0.735265  655.723938  0.735841  613.086853  4.919234e+02  1.813720e-09  1.666100e-29  0.000000e+00
24    120.0  0.725433  552.420532  0.734307  637.136658  0.734814  655.293335  0.735452  612.656982  4.954175e+02  5.594034e-09  8.895539e-29  0.000000e+00
25    125.0  0.724395  545.544922  0.733985  636.704041  0.734386  654.861938  0.734886  612.226318  4.974873e+02  1.660180e-08  4.573446e-28  0.000000e+00
26    130.0  0.723384  538.617249  0.733513  636.270691  0.734020  654.429810  0.734410  611.794678  4.986674e+02  4.746430e-08  2.267740e-27  0.000000e+00
27    135.0  0.722399  531.649963  0.733274  635.836731  0.733674  653.997009  0.734052  611.362244  4.993153e+02  1.309674e-07  1.086068e-26  0.000000e+00
28    140.0  0.721428  524.650330  0.732975  635.402344  0.733397  653.563721  0.733747  610.929260  4.996585e+02  3.491571e-07  5.030877e-26  0.000000e+00
29    145.0  0.720468  517.622620  0.732567  634.967285  0.732922  653.129761  0.733352  610.495667  4.998338e+02  9.001482e-07  2.254469e-25  0.000000e+00
30    150.0  0.719514  510.569214  0.732254  634.531555  0.732629  652.695190  0.733001  610.061401  4.999194e+02  2.247137e-06  9.790458e-25  0.000000e+00
31    155.0  0.718564  503.491364  0.731996  634.095276  0.732388  652.260193  0.732845  609.626709  4.999576e+02  5.438094e-06  4.125054e-24  0.000000e+00
32    160.0  0.717611  496.389771  0.731730  633.658508  0.732062  651.824646  0.732420  609.191467  4.999703e+02  1.276892e-05  1.687123e-23  0.000000e+00
33    165.0  0.716654  489.264771  0.731474  633.221252  0.731823  651.388611  0.732111  608.755615  4.999666e+02  2.911889e-05  6.705524e-23  0.000000e+00
34    170.0  0.715687  482.116577  0.731165  632.783508  0.731570  650.952148  0.731885  608.319275  4.999483e+02  6.453870e-05  2.592114e-22  0.000000e+00
35    175.0  0.714707  474.945190  0.730919  632.345215  0.731229  650.515198  0.731627  607.882446  4.999113e+02  1.391548e-04  9.749116e-22  0.000000e+00
36    180.0  0.713705  467.750732  0.730602  631.906494  0.730951  650.077637  0.731342  607.445251  4.998464e+02  2.920916e-04  3.570733e-21  0.000000e+00
37    185.0  0.712677  460.533356  0.730430  631.467346  0.730669  649.639648  0.730978  607.007446  4.997389e+02  5.974062e-04  1.274630e-20  0.000000e+00
38    190.0  0.711614  453.293274  0.730339  631.027954  0.730596  649.201355  0.730807  606.569153  4.995658e+02  1.191452e-03  4.439400e-20  0.000000e+00
39    195.0  0.710508  446.031189  0.730071  630.588257  0.730282  648.762756  0.730631  606.130493  4.992947e+02  2.318139e-03  1.508485e-19  0.000000e+00
40    200.0  0.709347  438.748169  0.729873  630.148071  0.730084  648.323730  0.730451  605.691528  4.988805e+02  4.403177e-03  5.004942e-19  0.000000e+00
41    205.0  0.708119  431.446014  0.729649  629.707458  0.729867  647.884277  0.730221  605.252197  4.982625e+02  8.169822e-03  1.622318e-18  0.000000e+00
42    210.0  0.706810  424.127472  0.729534  629.266541  0.729706  647.444519  0.729953  604.812317  4.973621e+02  1.481734e-02  5.141601e-18  7.644817e-38
43    215.0  0.705405  416.796661  0.729325  628.825256  0.729482  647.004395  0.729698  604.371887  4.960792e+02  2.628111e-02  1.593517e-17  5.106766e-37
44    220.0  0.703882  409.459290  0.729261  628.383545  0.729410  646.564026  0.729575  603.931091  4.942927e+02  4.561600e-02  4.834171e-17  3.389046e-36
45    225.0  0.702223  402.123199  0.728997  627.941284  0.729319  646.123535  0.729354  603.489990  4.918584e+02  7.750671e-02  1.435855e-16  1.674461e-35
46    230.0  0.700401  394.798706  0.728774  627.498108  0.728951  645.682678  0.729165  603.048584  4.886112e+02  1.289892e-01  4.174431e-16  7.117698e-35
47    235.0  0.698393  387.498932  0.728671  627.054077  0.728838  645.241394  0.729116  602.606995  4.843690e+02  2.103803e-01  1.189337e-15  2.896232e-34
48    240.0  0.696170  380.240265  0.728595  626.608948  0.728730  644.799866  0.729010  602.165283  4.789381e+02  3.364305e-01  3.321736e-15  1.149312e-33
49    245.0  0.693695  373.042450  0.728459  626.162231  0.728629  644.358154  0.728781  601.723267  4.721227e+02  5.277295e-01  9.098257e-15  4.466625e-33
50    250.0  0.690932  365.928558  0.728343  625.713135  0.728501  643.916260  0.728628  601.280945  4.637344e+02  8.123375e-01  2.444624e-14  1.703002e-32
51    255.0  0.687839  358.925171  0.728183  625.260681  0.728307  643.474060  0.728446  600.838379  4.536037e+02  1.227597e+00  6.445514e-14  6.373738e-32
52    260.0  0.684366  352.061798  0.728037  624.803467  0.728257  643.031616  0.728283  600.395508  4.415941e+02  1.821978e+00  1.668522e-13  2.342186e-31
53    265.0  0.680453  345.370728  0.727909  624.339600  0.728061  642.588928  0.728147  599.952393  4.276120e+02  2.657010e+00  4.241024e-13  8.455317e-31
54    270.0  0.676033  338.885895  0.727788  623.866577  0.728037  642.146057  0.728044  599.509033  4.116185e+02  3.808635e+00  1.059124e-12  2.999597e-30
55    275.0  0.671025  332.642395  0.727735  623.381165  0.727985  641.703064  0.727998  599.065491  3.936363e+02  5.368658e+00  2.599387e-12  1.046357e-29
56    280.0  0.665335  326.675568  0.727602  622.879333  0.727861  641.259949  0.727945  598.621948  3.737552e+02  7.444356e+00  6.270112e-12  3.589444e-29
57    285.0  0.658864  321.019897  0.727372  622.355652  0.727736  640.816528  0.727908  598.178345  3.521309e+02  1.015801e+01  1.487029e-11  1.211137e-28
58    290.0  0.651585  315.708801  0.727258  621.803894  0.727510  640.372803  0.727759  597.734558  3.289842e+02  1.364577e+01  3.467519e-11  4.019772e-28
59    295.0  0.643964  310.776550  0.727130  621.216492  0.727296  639.928650  0.727641  597.290588  3.046028e+02  1.805337e+01  7.952741e-11  1.312713e-27
60    300.0  0.637257  306.188751  0.726971  620.584595  0.727353  639.484375  0.727506  596.846436  2.793764e+02  2.353121e+01  1.795419e-10  4.219422e-27
61    305.0  0.630036  301.885223  0.726827  619.897949  0.727213  639.040039  0.727296  596.401917  2.537137e+02  3.022910e+01  3.989228e-10  1.334763e-26
62    310.0  0.622051  297.860352  0.726638  619.144897  0.727217  638.595581  0.727232  595.957092  2.280110e+02  3.828789e+01  8.728057e-10  4.158114e-26
63    315.0  0.613257  294.117218  0.726471  618.312561  0.726987  638.150879  0.727195  595.512207  2.026635e+02  4.783209e+01  1.880041e-09  1.276161e-25
64    320.0  0.603611  290.654663  0.726272  617.386963  0.726885  637.705933  0.727015  595.067078  1.780484e+02  5.895977e+01  3.988986e-09  3.857402e-25
65    325.0  0.593087  287.467651  0.726050  616.353455  0.726933  637.260925  0.726923  594.621704  1.545097e+02  7.173592e+01  8.340257e-09  1.148924e-24
66    330.0  0.581695  284.547424  0.725816  615.197083  0.727025  636.816040  0.726909  594.176208  1.323466e+02  8.618513e+01  1.718849e-08  3.373626e-24
67    335.0  0.569641  281.882355  0.725570  613.899780  0.726736  636.371033  0.726938  593.730835  1.118073e+02  1.022843e+02  3.490469e-08  9.767908e-24
68    340.0  0.558307  279.449188  0.725260  612.426941  0.726639  635.925720  0.726883  593.285461  9.310313e+01  1.199603e+02  6.987545e-08  2.788563e-23
69    345.0  0.547778  277.207886  0.724909  610.745911  0.726582  635.480286  0.726699  592.839905  7.640502e+01  1.390899e+02  1.379352e-07  7.848878e-23
70    350.0  0.537322  275.126190  0.724526  608.840698  0.726570  635.034790  0.726622  592.394104  6.175997e+01  1.594988e+02  2.685683e-07  2.178994e-22
71    355.0  0.527176  273.186127  0.724114  606.697571  0.726509  634.589172  0.726590  591.948303  4.914840e+01  1.809686e+02  5.158255e-07  5.968669e-22
72    360.0  0.517591  271.369507  0.723681  604.305359  0.726460  634.143433  0.726502  591.502380  3.849203e+01  2.032433e+02  9.775315e-07  1.613144e-21
73    365.0  0.508797  269.658325  0.723218  601.655884  0.726323  633.697510  0.726320  591.056213  2.966185e+01  2.260383e+02  1.827961e-06  4.301922e-21
74    370.0  0.500976  268.035370  0.722733  598.744080  0.726254  633.251404  0.726274  590.609741  2.248916e+01  2.490528e+02  3.373749e-06  1.132473e-20
75    375.0  0.494238  266.484772  0.722217  595.568420  0.726132  632.805115  0.726307  590.163269  1.677852e+01  2.719803e+02  6.146529e-06  2.943798e-20
76    380.0  0.488622  264.992126  0.721686  592.130554  0.726167  632.358826  0.726270  589.716797  1.232156e+01  2.945219e+02  1.105752e-05  7.556629e-20
77    385.0  0.484084  263.544952  0.721088  588.385620  0.726033  631.912476  0.726298  589.270325  8.910130e+00  3.163971e+02  1.964201e-05  1.915857e-19
78    390.0  0.480523  262.132690  0.720318  584.278503  0.726068  631.466064  0.726081  588.823669  6.347647e+00  3.373585e+02  3.446452e-05  4.795853e-19
79    395.0  0.477807  260.746674  0.719496  579.809326  0.726093  631.019775  0.725981  588.376648  4.457225e+00  3.571917e+02  5.973928e-05  1.185835e-18
80    400.0  0.475783  259.380005  0.718639  574.997009  0.725972  630.573364  0.726017  587.929565  3.086322e+00  3.757223e+02  1.022984e-04  2.897516e-18
81    405.0  0.474307  258.027313  0.717754  569.863098  0.725816  630.126648  0.725948  587.482422  2.108267e+00  3.928211e+02  1.730805e-04  6.995720e-18
82    410.0  0.473252  256.684570  0.716851  564.431396  0.725840  629.679871  0.725938  587.035217  1.421269e+00  4.084045e+02  2.894242e-04  1.669462e-17
83    415.0  0.472511  255.348770  0.715930  558.726990  0.725715  629.232910  0.725911  586.587952  9.458563e-01  4.224327e+02  4.783467e-04  3.937903e-17
84    420.0  0.471995  254.017746  0.714997  552.775269  0.725581  628.785706  0.725889  586.140564  6.215563e-01  4.349060e+02  7.814860e-04  9.181638e-17
85    425.0  0.471640  252.689957  0.714057  546.601746  0.725529  628.338379  0.725710  585.693054  4.033944e-01  4.458606e+02  1.262370e-03  2.116098e-16
86    430.0  0.471397  251.364304  0.713112  540.231262  0.725554  627.891052  0.725704  585.245300  2.586094e-01  4.553613e+02  2.016532e-03  4.822665e-16
87    435.0  0.471230  250.040039  0.712169  533.687622  0.725436  627.443665  0.725561  584.797424  1.637875e-01  4.634947e+02  3.185596e-03  1.086698e-15
88    440.0  0.471116  248.716660  0.711226  526.993225  0.725508  626.996216  0.725446  584.349243  1.024910e-01  4.703625e+02  4.978182e-03  2.421631e-15
89    445.0  0.471036  247.393829  0.710285  520.168640  0.725458  626.548706  0.725461  583.900940  6.337206e-02  4.760756e+02  7.695751e-03  5.338675e-15
90    450.0  0.470976  246.071350  0.709346  513.232605  0.725347  626.101013  0.725574  583.452698  3.872120e-02  4.807462e+02  1.176971e-02  1.164587e-14
91    455.0  0.470932  244.749023  0.708406  506.202148  0.725301  625.653076  0.725401  583.004395  2.338117e-02  4.844839e+02  1.781165e-02  2.513032e-14
92    460.0  0.470896  243.426773  0.707464  499.092468  0.725263  625.204956  0.725463  582.556030  1.395317e-02  4.873908e+02  2.667598e-02  5.366582e-14
93    465.0  0.470864  242.104584  0.706515  491.917084  0.725196  624.756653  0.725271  582.107605  8.229779e-03  4.895569e+02  3.954149e-02  1.133890e-13
94    470.0  0.470836  240.782410  0.705555  484.688019  0.725196  624.308228  0.725250  581.658936  4.797656e-03  4.910597e+02  5.801960e-02  2.371123e-13
95    475.0  0.470810  239.460205  0.704576  477.415924  0.725045  623.859436  0.725153  581.210144  2.764451e-03  4.919608e+02  8.427624e-02  4.907550e-13
96    480.0  0.470785  238.137955  0.703570  470.110596  0.725107  623.410339  0.725164  580.761230  1.574480e-03  4.923054e+02  1.212126e-01  1.005553e-12
97    485.0  0.470761  236.815643  0.702530  462.780975  0.725039  622.960815  0.725140  580.312256  8.863810e-04  4.921219e+02  1.726334e-01  2.039870e-12
98    490.0  0.470735  235.493301  0.701445  455.435577  0.724946  622.510620  0.725048  579.863220  4.932429e-04  4.914237e+02  2.434871e-01  4.096740e-12
99    495.0  0.470710  234.170898  0.700305  448.082581  0.724909  622.059509  0.724939  579.414001  2.713046e-04  4.902087e+02  3.401483e-01  8.146685e-12
100   500.0  0.470686  232.848434  0.699102  440.730316  0.724927  621.607422  0.724887  578.964600  1.475040e-04  4.884606e+02  4.707165e-01  1.604294e-11
101   505.0  0.470660  231.525894  0.697823  433.387390  0.724859  621.153870  0.724838  578.515137  7.926613e-05  4.861516e+02  6.453333e-01  3.129000e-11
102   510.0  0.470634  230.203278  0.696455  426.062897  0.724840  620.698364  0.724869  578.065613  4.210073e-05  4.832437e+02  8.765929e-01  6.045214e-11
103   515.0  0.470609  228.880585  0.694989  418.766418  0.724754  620.240417  0.724889  577.616028  2.209956e-05  4.796914e+02  1.179891e+00  1.156993e-10
104   520.0  0.470582  227.557816  0.693410  411.508514  0.724714  619.779236  0.724938  577.166504  1.146394e-05  4.754430e+02  1.573878e+00  2.193931e-10
105   525.0  0.470555  226.235001  0.691706  404.300598  0.724654  619.313904  0.724808  576.716919  5.876164e-06  4.704446e+02  2.080835e+00  4.121251e-10
106   530.0  0.470528  224.912094  0.689861  397.154999  0.724730  618.843445  0.724754  576.267151  2.975815e-06  4.646414e+02  2.727141e+00  7.670538e-10
107   535.0  0.470500  223.589096  0.687861  390.085022  0.724648  618.366333  0.724704  575.817322  1.488652e-06  4.579815e+02  3.543219e+00  1.414688e-09
108   540.0  0.470472  222.266006  0.685687  383.105042  0.724596  617.880798  0.724719  575.367432  7.354640e-07  4.504176e+02  4.564304e+00  2.585905e-09
109   545.0  0.470442  220.942841  0.683322  376.230255  0.724473  617.384766  0.724755  574.917603  3.587500e-07  4.419099e+02  5.829975e+00  4.684756e-09
110   550.0  0.470413  219.619583  0.680744  369.476685  0.724455  616.875854  0.724610  574.467590  1.727174e-07  4.324285e+02  7.384857e+00  8.411369e-09
111   555.0  0.470382  218.296280  0.677933  362.860992  0.724390  616.351257  0.724640  574.017517  8.203612e-08  4.219557e+02  9.277824e+00  1.497107e-08
112   560.0  0.470350  216.972885  0.674860  356.400360  0.724372  615.807678  0.724527  573.567383  3.842046e-08  4.104870e+02  1.156192e+01  2.641337e-08
113   565.0  0.470318  215.649384  0.671496  350.112152  0.724299  615.241394  0.724671  573.117249  1.772982e-08  3.980331e+02  1.429352e+01  4.620895e-08
114   570.0  0.470283  214.325806  0.667809  344.013794  0.724222  614.648010  0.724546  572.667114  8.054440e-09  3.846212e+02  1.753176e+01  8.014438e-08
115   575.0  0.470245  213.002090  0.663760  338.122437  0.724183  614.022766  0.724536  572.216858  3.597814e-09  3.702936e+02  2.133745e+01  1.378307e-07
116   580.0  0.470200  211.678223  0.659304  332.454956  0.724093  613.360229  0.724487  571.766541  1.577686e-09  3.551094e+02  2.577127e+01  2.350402e-07
117   585.0  0.470136  210.354218  0.654406  327.027588  0.723978  612.654297  0.724466  571.316101  6.776914e-10  3.391428e+02  3.089278e+01  3.974895e-07
118   590.0  0.470025  209.029968  0.649072  321.856140  0.723892  611.898560  0.724316  570.865479  2.842730e-10  3.224829e+02  3.675891e+01  6.666040e-07
119   595.0  0.469793  207.705200  0.643604  316.957275  0.723799  611.085938  0.724275  570.414673  1.159257e-10  3.052366e+02  4.342173e+01  1.108828e-06
120   600.0  0.469252  206.379242  0.638953  312.308350  0.723689  610.209106  0.724366  569.963989  4.564555e-11  2.875468e+02  5.092625e+01  1.829663e-06
121   605.0  0.467894  205.050446  0.634220  307.865326  0.723554  609.260132  0.724193  569.513184  1.716421e-11  2.695637e+02  5.930899e+01  2.994522e-06
122   610.0  0.464335  203.714645  0.629114  303.617645  0.723406  608.230957  0.724211  569.062195  6.047948e-12  2.514241e+02  6.859605e+01  4.862317e-06
123   615.0  0.454463  202.361969  0.623627  299.568390  0.723247  607.113159  0.724217  568.611206  1.924423e-12  2.332689e+02  7.880132e+01  7.832892e-06
124   620.0  0.424004  200.984573  0.617741  295.719269  0.723092  605.898376  0.724171  568.160156  5.052867e-13  2.152384e+02  8.992574e+01  1.251989e-05
125   625.0  0.334841  199.743500  0.611441  292.070465  0.722900  604.575745  0.724166  567.709106  7.674056e-14  1.974700e+02  1.019545e+02  1.985624e-05
126   630.0  0.256995  198.824738  0.604712  288.620789  0.722687  603.122314  0.724127  567.257935  1.077242e-15  1.800948e+02  1.148586e+02  3.124899e-05
127   635.0  0.251013  198.089142  0.597544  285.367615  0.722419  601.517029  0.724145  566.806763  2.559950e-20  1.632357e+02  1.285930e+02  4.880441e-05
128   640.0  0.251000  197.363525  0.589932  282.306976  0.722149  599.750549  0.724066  566.355591  1.172899e-26  1.470046e+02  1.430975e+02  7.564159e-05
129   645.0  0.251000  196.637924  0.581875  279.433685  0.721859  597.814270  0.724029  565.904297  5.210361e-33  1.315004e+02  1.582964e+02  1.163585e-04
130   650.0  0.251000  195.912323  0.573414  276.741425  0.721540  595.700439  0.724099  565.452942  0.000000e+00  1.168088e+02  1.741004e+02  1.776696e-04
131   655.0  0.251000  195.186722  0.564867  274.223541  0.721200  593.402222  0.723987  565.001587  0.000000e+00  1.030031e+02  1.904079e+02  2.692666e-04
132   660.0  0.251000  194.461121  0.557329  271.859070  0.720856  590.914124  0.723950  564.550049  0.000000e+00  9.016096e+01  2.071073e+02  4.050849e-04
133   665.0  0.251000  193.735519  0.549926  269.622284  0.720477  588.232056  0.723953  564.098511  0.000000e+00  7.833299e+01  2.240789e+02  6.050004e-04
134   670.0  0.251000  193.009933  0.542532  267.500854  0.720082  585.352905  0.723852  563.646912  0.000000e+00  6.753589e+01  2.411975e+02  8.970220e-04
135   675.0  0.251000  192.284332  0.535238  265.485809  0.719674  582.275146  0.723826  563.195251  0.000000e+00  5.777057e+01  2.583352e+02  1.320494e-03
136   680.0  0.251000  191.558731  0.528129  263.567932  0.719248  578.998779  0.723847  562.743530  0.000000e+00  4.902149e+01  2.753642e+02  1.930144e-03
137   685.0  0.251000  190.833130  0.521292  261.737976  0.718807  575.525085  0.723754  562.291748  0.000000e+00  4.125857e+01  2.921594e+02  2.801280e-03
138   690.0  0.251000  190.107513  0.514812  259.986786  0.718331  571.830139  0.723810  561.839966  0.000000e+00  3.443864e+01  3.086010e+02  4.037313e-03
139   695.0  0.251000  189.381912  0.508765  258.305420  0.717697  567.869568  0.723761  561.388123  0.000000e+00  2.850733e+01  3.245792e+02  5.778476e-03
140   700.0  0.251000  188.656311  0.503212  256.685303  0.716990  563.627747  0.723710  560.936157  0.000000e+00  2.340134e+01  3.399932e+02  8.213435e-03
141   705.0  0.251000  187.930710  0.498197  255.118347  0.716250  559.113586  0.723774  560.484192  0.000000e+00  1.905077e+01  3.547512e+02  1.159558e-02
142   710.0  0.251000  187.205109  0.493741  253.597000  0.715478  554.337708  0.723764  560.032288  0.000000e+00  1.538172e+01  3.687742e+02  1.625982e-02
143   715.0  0.251000  186.479507  0.489849  252.114319  0.714675  549.311951  0.723659  559.580261  0.000000e+00  1.231873e+01  3.819949e+02  2.264613e-02
144   720.0  0.251000  185.753906  0.486503  250.664078  0.713844  544.049438  0.723563  559.127991  0.000000e+00  9.787134e+00  3.943604e+02  3.132996e-02
145   725.0  0.251000  185.028305  0.483673  249.240738  0.712984  538.563965  0.723654  558.675720  0.000000e+00  7.715113e+00  4.058301e+02  4.305992e-02
146   730.0  0.251000  184.302689  0.481312  247.839478  0.712094  532.870117  0.723547  558.223267  0.000000e+00  6.035288e+00  4.163759e+02  5.879122e-02
147   735.0  0.251000  183.577087  0.479371  246.456146  0.711176  526.982849  0.723594  557.770630  0.000000e+00  4.685931e+00  4.259810e+02  7.975176e-02
148   740.0  0.251000  182.851486  0.477795  245.087219  0.710228  520.917480  0.723649  557.317871  0.000000e+00  3.611656e+00  4.346399e+02  1.074910e-01
149   745.0  0.251000  182.125885  0.476532  243.729767  0.709252  514.689270  0.723583  556.864746  0.000000e+00  2.763733e+00  4.423546e+02  1.439492e-01
150   750.0  0.251000  181.400284  0.475530  242.381378  0.708247  508.313568  0.723480  556.411072  0.000000e+00  2.100028e+00  4.491359e+02  1.915445e-01
151   755.0  0.251000  180.674683  0.474743  241.040054  0.707213  501.805603  0.723411  555.956726  0.000000e+00  1.584702e+00  4.549994e+02  2.532725e-01
152   760.0  0.251000  179.949081  0.474131  239.704224  0.706145  495.180237  0.723478  555.501709  0.000000e+00  1.187715e+00  4.599646e+02  3.328172e-01
153   765.0  0.251000  179.223480  0.473658  238.372620  0.705046  488.452179  0.723360  555.045837  0.000000e+00  8.842191e-01  4.640544e+02  4.346236e-01
154   770.0  0.251000  178.497879  0.473298  237.044174  0.703911  481.635651  0.723305  554.588684  0.000000e+00  6.539235e-01  4.672919e+02  5.640846e-01
155   775.0  0.251000  177.772278  0.473023  235.718170  0.702737  474.744568  0.723350  554.130249  0.000000e+00  4.804460e-01  4.697002e+02  7.276795e-01
156   780.0  0.251000  177.046677  0.472816  234.393967  0.701522  467.792572  0.723374  553.670105  0.000000e+00  3.507034e-01  4.713006e+02  9.330796e-01
157   785.0  0.251000  176.321075  0.472662  233.071121  0.700263  460.792877  0.723285  553.207825  0.000000e+00  2.543528e-01  4.721130e+02  1.189277e+00
158   790.0  0.251000  175.595459  0.472546  231.749268  0.698954  453.758514  0.723197  552.742737  0.000000e+00  1.832964e-01  4.721535e+02  1.506811e+00
159   795.0  0.251000  174.869858  0.472460  230.428131  0.697590  446.702240  0.723217  552.274292  0.000000e+00  1.312534e-01  4.714357e+02  1.897954e+00
160   800.0  0.251000  174.144257  0.472394  229.107559  0.696165  439.636536  0.723157  551.801880  0.000000e+00  9.339461e-02  4.699688e+02  2.376688e+00
161   805.0  0.251000  173.418655  0.472345  227.787384  0.694675  432.573883  0.723151  551.324524  0.000000e+00  6.603934e-02  4.677603e+02  2.959049e+00
162   810.0  0.251000  172.693039  0.472309  226.467453  0.693111  425.526794  0.723050  550.841125  0.000000e+00  4.640523e-02  4.648133e+02  3.662988e+00
163   815.0  0.251000  171.967438  0.472279  225.147736  0.691467  418.507507  0.723035  550.350525  0.000000e+00  3.240607e-02  4.611297e+02  4.508727e+00
164   820.0  0.251000  171.241837  0.472257  223.828110  0.689733  411.528442  0.723012  549.851440  0.000000e+00  2.249019e-02  4.567093e+02  5.518661e+00
165   825.0  0.251000  170.516235  0.472239  222.508606  0.687900  404.602020  0.722955  549.342163  0.000000e+00  1.551238e-02  4.515516e+02  6.717274e+00
166   830.0  0.251000  169.790619  0.472225  221.189148  0.685959  397.740753  0.722893  548.820862  0.000000e+00  1.063391e-02  4.456557e+02  8.131245e+00
167   835.0  0.251000  169.065018  0.472213  219.869705  0.683898  390.957306  0.722922  548.285522  0.000000e+00  7.245144e-03  4.390218e+02  9.789445e+00
168   840.0  0.251000  168.339417  0.472202  218.550323  0.681707  384.264343  0.722874  547.733887  0.000000e+00  4.906261e-03  4.316521e+02  1.172234e+01
169   845.0  0.251000  167.613815  0.472193  217.230957  0.679372  377.674561  0.722818  547.163208  0.000000e+00  3.302284e-03  4.235524e+02  1.396196e+01
170   850.0  0.251000  166.888199  0.472184  215.911591  0.676879  371.200684  0.722754  546.570435  0.000000e+00  2.209263e-03  4.147311e+02  1.654172e+01
171   855.0  0.251000  166.162598  0.472176  214.592178  0.674211  364.855438  0.722681  545.952393  0.000000e+00  1.469128e-03  4.052019e+02  1.949597e+01
172   860.0  0.251000  165.436996  0.472169  213.272766  0.671351  358.651337  0.722596  545.305542  0.000000e+00  9.710921e-04  3.949835e+02  2.285917e+01
173   865.0  0.251000  164.711395  0.472161  211.953354  0.668281  352.600739  0.722507  544.625854  0.000000e+00  6.380569e-04  3.840997e+02  2.666584e+01
174   870.0  0.251000  163.985779  0.472155  210.633911  0.664976  346.715759  0.722460  543.909180  0.000000e+00  4.167406e-04  3.725807e+02  3.094975e+01
175   875.0  0.251000  163.260178  0.472148  209.314453  0.661415  341.008148  0.722342  543.150879  0.000000e+00  2.705757e-04  3.604623e+02  3.574289e+01
176   880.0  0.251000  162.534576  0.472141  207.994980  0.657568  335.489258  0.722307  542.346252  0.000000e+00  1.746375e-04  3.477860e+02  4.107578e+01
177   885.0  0.251000  161.808975  0.472133  206.675491  0.653414  330.169922  0.722192  541.490234  0.000000e+00  1.120522e-04  3.345994e+02  4.697518e+01
178   890.0  0.251000  161.083359  0.472126  205.355988  0.648960  325.060699  0.722054  540.577454  0.000000e+00  7.147389e-05  3.209555e+02  5.346437e+01
179   895.0  0.251000  160.357758  0.472119  204.036469  0.644389  320.172760  0.721951  539.602356  0.000000e+00  4.532382e-05  3.069150e+02  6.056254e+01
180   900.0  0.251000  159.632156  0.472112  202.716919  0.640467  315.494659  0.721822  538.559326  0.000000e+00  2.857373e-05  2.925563e+02  6.828358e+01
181   905.0  0.251000  158.906555  0.472105  201.397385  0.636724  310.990662  0.721696  537.442505  0.000000e+00  1.790924e-05  2.779684e+02  7.663573e+01
182   910.0  0.251000  158.180939  0.472098  200.077820  0.632734  306.644104  0.721528  536.246033  0.000000e+00  1.116004e-05  2.632255e+02  8.562031e+01
183   915.0  0.251000  157.455338  0.472091  198.758209  0.628498  302.457581  0.721382  534.964172  0.000000e+00  6.914180e-06  2.484047e+02  9.523262e+01
184   920.0  0.251000  156.729736  0.472084  197.438538  0.624008  298.433014  0.721199  533.584595  0.000000e+00  4.259030e-06  2.335831e+02  1.054600e+02
185   925.0  0.251000  156.004120  0.472076  196.118835  0.619254  294.571533  0.721005  532.089172  0.000000e+00  2.608454e-06  2.188380e+02  1.162833e+02
186   930.0  0.251000  155.278503  0.472068  194.799118  0.614227  290.873505  0.720760  530.465820  0.000000e+00  1.588424e-06  2.042452e+02  1.276752e+02
187   935.0  0.251000  154.552902  0.472060  193.479340  0.608919  287.338440  0.720496  528.707886  0.000000e+00  9.617638e-07  1.898782e+02  1.396011e+02
188   940.0  0.251000  153.827316  0.472052  192.159531  0.603323  283.965088  0.720241  526.809387  0.000000e+00  5.790237e-07  1.758066e+02  1.520193e+02
189   945.0  0.251000  153.101715  0.472046  190.839706  0.597434  280.751434  0.719958  524.764648  0.000000e+00  3.466235e-07  1.620964e+02  1.648807e+02
190   950.0  0.251000  152.376114  0.472038  189.519882  0.591247  277.694733  0.719667  522.568604  0.000000e+00  2.063289e-07  1.488081e+02  1.781303e+02
191   955.0  0.251000  151.650528  0.472030  188.200012  0.584763  274.791534  0.719345  520.216797  0.000000e+00  1.221264e-07  1.359969e+02  1.917071e+02
192   960.0  0.251000  150.924942  0.472022  186.880081  0.577986  272.037750  0.719016  517.705322  0.000000e+00  7.188084e-08  1.237112e+02  2.055450e+02
193   965.0  0.251000  150.199356  0.472015  185.560120  0.570959  269.428833  0.718669  515.031189  0.000000e+00  4.207041e-08  1.119936e+02  2.195741e+02
194   970.0  0.251000  149.473770  0.472008  184.240143  0.564032  266.960449  0.718302  512.192200  0.000000e+00  2.448538e-08  1.008822e+02  2.337216e+02
195   975.0  0.251000  148.748169  0.471999  182.920151  0.557972  264.614380  0.717926  509.186981  0.000000e+00  1.417129e-08  9.042265e+01  2.479120e+02
196   980.0  0.251000  148.022568  0.471991  181.600159  0.551921  262.370667  0.717532  506.015045  0.000000e+00  8.156253e-09  8.064075e+01  2.620694e+02
197   985.0  0.251000  147.296982  0.471982  180.280136  0.545876  260.222687  0.717124  502.676697  0.000000e+00  4.668268e-09  7.154779e+01  2.761175e+02
198   990.0  0.251000  146.571396  0.471973  178.960083  0.539873  258.164581  0.716701  499.173126  0.000000e+00  2.657118e-09  6.314702e+01  2.899813e+02
199   995.0  0.251000  145.845810  0.471964  177.639999  0.533957  256.190216  0.716261  495.494598  0.000000e+00  1.504045e-09  5.543434e+01  3.035873e+02
200  1000.0  0.251000  145.120209  0.471956  176.319885  0.528175  254.293411  0.715692  491.603424  0.000000e+00  8.466621e-10  4.839886e+01  3.168665e+02
201  1005.0  0.251000  144.394608  0.471947  174.999725  0.522576  252.468002  0.715029  487.474854  0.000000e+00  4.739834e-10  4.202307e+01  3.297547e+02
202  1010.0  0.251000  143.669022  0.471939  173.679535  0.517208  250.707870  0.714323  483.114410  0.000000e+00  2.638899e-10  3.628361e+01  3.421895e+02
203  1015.0  0.251000  142.943436  0.471929  172.359329  0.512114  249.006943  0.713585  478.529327  0.000000e+00  1.461143e-10  3.115201e+01  3.541141e+02
204  1020.0  0.251000  142.217850  0.471920  171.039108  0.507332  247.359390  0.712815  473.727692  0.000000e+00  8.045935e-11  2.659531e+01  3.654756e+02
205  1025.0  0.251000  141.492249  0.471912  169.718857  0.502892  245.759552  0.712013  468.718536  0.000000e+00  4.406318e-11  2.257705e+01  3.762279e+02
206  1030.0  0.251000  140.766647  0.471903  168.398590  0.498815  244.202103  0.711177  463.511658  0.000000e+00  2.399896e-11  1.905816e+01  3.863297e+02
207  1035.0  0.251000  140.041061  0.471894  167.078293  0.495112  242.681992  0.710307  458.117584  0.000000e+00  1.299953e-11  1.599789e+01  3.957462e+02
208  1040.0  0.251000  139.315475  0.471885  165.757996  0.491789  241.194504  0.709403  452.547363  0.000000e+00  7.002980e-12  1.335478e+01  4.044471e+02
209  1045.0  0.251000  138.589874  0.471876  164.437683  0.488840  239.735336  0.708462  446.812531  0.000000e+00  3.751962e-12  1.108748e+01  4.124085e+02
210  1050.0  0.251000  137.864273  0.471866  163.117325  0.486248  238.300568  0.707484  440.925049  0.000000e+00  1.999189e-12  9.155560e+00  4.196109e+02
211  1055.0  0.251000  137.138672  0.471858  161.796936  0.483997  236.886673  0.706470  434.897217  0.000000e+00  1.059419e-12  7.520216e+00  4.260401e+02
212  1060.0  0.251000  136.413071  0.471848  160.476532  0.482061  235.490463  0.705414  428.741730  0.000000e+00  5.583378e-13  6.144800e+00  4.316852e+02
213  1065.0  0.251000  135.687469  0.471838  159.156082  0.480410  234.109177  0.704317  422.471313  0.000000e+00  2.926438e-13  4.995234e+00  4.365393e+02
214  1070.0  0.251000  134.961868  0.471828  157.835602  0.479015  232.740402  0.703175  416.098907  0.000000e+00  1.525426e-13  4.040289e+00  4.405993e+02
215  1075.0  0.251000  134.236267  0.471819  156.515121  0.477847  231.382004  0.701988  409.637543  0.000000e+00  7.907645e-14  3.251727e+00  4.438643e+02
216  1080.0  0.251000  133.510666  0.471809  155.194641  0.476876  230.032166  0.700753  403.100311  0.000000e+00  4.076625e-14  2.604323e+00  4.463366e+02
217  1085.0  0.251000  132.785065  0.471798  153.874130  0.476075  228.689362  0.699466  396.500214  0.000000e+00  2.089996e-14  2.075802e+00  4.480199e+02
218  1090.0  0.251000  132.059464  0.471788  152.553604  0.475419  227.352295  0.698125  389.850220  0.000000e+00  1.065545e-14  1.646706e+00  4.489195e+02
219  1095.0  0.251000  131.333862  0.471778  151.233032  0.474884  226.019882  0.696727  383.163391  0.000000e+00  5.402170e-15  1.300202e+00  4.490422e+02
220  1100.0  0.251000  130.608261  0.471768  149.912445  0.474452  224.691208  0.695266  376.452667  0.000000e+00  2.723465e-15  1.021864e+00  4.483958e+02
221  1105.0  0.251000  129.882660  0.471758  148.591812  0.474105  223.365570  0.693739  369.730896  0.000000e+00  1.365267e-15  7.994350e-01  4.469890e+02
222  1110.0  0.251000  129.157059  0.471747  147.271164  0.473826  222.042328  0.692142  363.010864  0.000000e+00  6.805145e-16  6.225849e-01  4.448321e+02
223  1115.0  0.251000  128.431458  0.471737  145.950485  0.473605  220.720978  0.690469  356.305237  0.000000e+00  3.372581e-16  4.826760e-01  4.419355e+02
224  1120.0  0.251000  127.705864  0.471726  144.629807  0.473428  219.401123  0.688715  349.626495  0.000000e+00  1.661761e-16  3.725363e-01  4.383113e+02
225  1125.0  0.251000  126.980263  0.471714  143.309128  0.473291  218.082443  0.686873  342.987091  0.000000e+00  8.140075e-17  2.862522e-01  4.339720e+02
226  1130.0  0.251000  126.254669  0.471703  141.988419  0.473182  216.764694  0.684938  336.399231  0.000000e+00  3.963798e-17  2.189814e-01  4.289319e+02
227  1135.0  0.251000  125.529076  0.471692  140.667679  0.473099  215.447632  0.682899  329.875031  0.000000e+00  1.918589e-17  1.667839e-01  4.232058e+02
228  1140.0  0.251000  124.803474  0.471681  139.346893  0.473030  214.131165  0.680750  323.426422  0.000000e+00  9.229928e-18  1.264729e-01  4.168115e+02
229  1145.0  0.251000  124.077881  0.471669  138.026108  0.472977  212.815079  0.678481  317.065063  0.000000e+00  4.412778e-18  9.548723e-02  4.097675e+02
230  1150.0  0.251000  123.352280  0.471658  136.705292  0.472935  211.499313  0.676082  310.802399  0.000000e+00  2.096368e-18  7.178032e-02  4.020950e+02
231  1155.0  0.251000  122.626686  0.471647  135.384445  0.472902  210.183762  0.673543  304.649628  0.000000e+00  9.894615e-19  5.372604e-02  3.938171e+02
232  1160.0  0.251000  121.901085  0.471636  134.063553  0.472875  208.868393  0.670852  298.617737  0.000000e+00  4.639043e-19  4.003960e-02  3.849594e+02
233  1165.0  0.251000  121.175491  0.471625  132.742645  0.472855  207.553207  0.667992  292.717285  0.000000e+00  2.160056e-19  2.971161e-02  3.755494e+02
234  1170.0  0.251000  120.449890  0.471614  131.421707  0.472838  206.238129  0.664951  286.958405  0.000000e+00  9.986253e-20  2.195332e-02  3.656183e+02
235  1175.0  0.251000  119.724289  0.471602  130.100754  0.472826  204.923126  0.661710  281.350891  0.000000e+00  4.582622e-20  1.615165e-02  3.551985e+02
236  1180.0  0.251000  118.998695  0.471590  128.779755  0.472815  203.608170  0.658252  275.904144  0.000000e+00  2.086638e-20  1.183264e-02  3.443259e+02
237  1185.0  0.251000  118.273094  0.471578  127.458717  0.472805  202.293274  0.654560  270.627106  0.000000e+00  9.423609e-21  8.631753e-03  3.330384e+02
238  1190.0  0.251000  117.547501  0.471566  126.137619  0.472798  200.978394  0.650638  265.528320  0.000000e+00  4.218892e-21  6.270112e-03  3.213761e+02
239  1195.0  0.251000  116.821899  0.471553  124.816483  0.472790  199.663544  0.646587  260.616730  0.000000e+00  1.871161e-21  4.535396e-03  3.093828e+02
240  1200.0  0.251000  116.096306  0.471540  123.495300  0.472783  198.348694  0.642950  255.893051  0.000000e+00  8.214969e-22  3.266811e-03  2.971107e+02
241  1205.0  0.251000  115.370705  0.471525  122.174095  0.472778  197.033859  0.639738  251.327576  0.000000e+00  3.566459e-22  2.343185e-03  2.846245e+02
242  1210.0  0.251000  114.645103  0.471506  120.852814  0.472772  195.719025  0.636361  246.895828  0.000000e+00  1.529068e-22  1.673662e-03  2.719772e+02
243  1215.0  0.251000  113.919502  0.471478  119.531464  0.472767  194.404160  0.632803  242.600449  0.000000e+00  6.462610e-23  1.190454e-03  2.592206e+02
244  1220.0  0.251000  113.193901  0.471426  118.209976  0.472762  193.089294  0.629061  238.443436  0.000000e+00  2.686199e-23  8.432305e-04  2.464074e+02
245  1225.0  0.251000  112.468300  0.471313  116.888252  0.472756  191.774429  0.625127  234.426315  0.000000e+00  1.094352e-23  5.948039e-04  2.335905e+02
246  1230.0  0.251000  111.742699  0.471048  115.565948  0.472751  190.459549  0.620997  230.550079  0.000000e+00  4.348524e-24  4.178308e-04  2.208217e+02
247  1235.0  0.251000  111.017097  0.470403  114.242226  0.472747  189.144638  0.616663  226.815155  0.000000e+00  1.672898e-24  2.923011e-04  2.081520e+02
248  1240.0  0.251000  110.291496  0.468779  112.915062  0.472742  187.829742  0.612122  223.221466  0.000000e+00  6.156825e-25  2.036427e-04  1.956310e+02
249  1245.0  0.251000  109.565895  0.464568  111.579430  0.472737  186.514832  0.607368  219.768356  0.000000e+00  2.123216e-25  1.412932e-04  1.833063e+02
250  1250.0  0.251000  108.840294  0.452971  110.224159  0.472732  185.199936  0.602396  216.454681  0.000000e+00  6.585535e-26  9.763199e-05  1.712230e+02
251  1255.0  0.251000  108.114693  0.417113  108.846489  0.472728  183.885025  0.597204  213.278809  0.000000e+00  1.655497e-26  6.718721e-05  1.594238e+02
252  1260.0  0.251000  107.389091  0.320058  107.643059  0.472724  182.570084  0.591790  210.238586  0.000000e+00  2.166861e-27  4.604782e-05  1.479479e+02
253  1265.0  0.251000  106.663498  0.254370  106.764282  0.472719  181.255157  0.586152  207.331436  0.000000e+00  1.693240e-29  3.143144e-05  1.368315e+02
254  1270.0  0.251000  105.937897  0.251005  106.032570  0.472715  179.940216  0.580293  204.554321  0.000000e+00  1.455793e-34  2.136768e-05  1.261067e+02
255  1275.0  0.251000  105.212296  0.251000  105.306320  0.472711  178.625259  0.574226  201.903854  0.000000e+00  0.000000e+00  1.446749e-05  1.158021e+02
256  1280.0  0.251000  104.486694  0.251000  104.580070  0.472707  177.310272  0.568041  199.376495  0.000000e+00  0.000000e+00  9.756101e-06  1.059429e+02
257  1285.0  0.251000  103.761086  0.251000  103.853813  0.472702  175.995270  0.562374  196.964127  0.000000e+00  0.000000e+00  6.552567e-06  9.655613e+01
258  1290.0  0.251000  103.035484  0.251000  103.127563  0.472697  174.680267  0.557148  194.650635  0.000000e+00  0.000000e+00  4.383329e-06  8.767126e+01
259  1295.0  0.251000  102.309883  0.251000  102.401314  0.472693  173.365250  0.551895  192.424149  0.000000e+00  0.000000e+00  2.920510e-06  7.929949e+01
260  1300.0  0.251000  101.584282  0.251000  101.675064  0.472688  172.050232  0.546639  190.280289  0.000000e+00  0.000000e+00  1.938118e-06  7.144717e+01
261  1305.0  0.251000  100.858673  0.251000  100.948814  0.472684  170.735184  0.541413  188.214523  0.000000e+00  0.000000e+00  1.281072e-06  6.411642e+01
262  1310.0  0.251000  100.133072  0.251000  100.222565  0.472679  169.420135  0.536247  186.222260  0.000000e+00  0.000000e+00  8.434180e-07  5.730506e+01
263  1315.0  0.251000   99.407471  0.251000   99.496307  0.472675  168.105072  0.531173  184.298874  0.000000e+00  0.000000e+00  5.530866e-07  5.100689e+01
264  1320.0  0.251000   98.681870  0.251000   98.770058  0.472670  166.790009  0.526223  182.439667  0.000000e+00  0.000000e+00  3.612673e-07  4.521189e+01
265  1325.0  0.251000   97.956268  0.251000   98.043808  0.472667  165.474915  0.521428  180.640015  0.000000e+00  0.000000e+00  2.350467e-07  3.990658e+01
266  1330.0  0.251000   97.230667  0.251000   97.317558  0.472662  164.159805  0.516820  178.895264  0.000000e+00  0.000000e+00  1.523261e-07  3.507429e+01
267  1335.0  0.251000   96.505058  0.251000   96.591309  0.472658  162.844666  0.512424  177.200912  0.000000e+00  0.000000e+00  9.833155e-08  3.069547e+01
268  1340.0  0.251000   95.779457  0.251000   95.865059  0.472654  161.529526  0.508266  175.552551  0.000000e+00  0.000000e+00  6.322883e-08  2.674823e+01
269  1345.0  0.251000   95.053848  0.251000   95.138809  0.472650  160.214386  0.504363  173.945923  0.000000e+00  0.000000e+00  4.049913e-08  2.320869e+01
270  1350.0  0.251000   94.328247  0.251000   94.412552  0.472645  158.899231  0.500734  172.376938  0.000000e+00  0.000000e+00  2.583979e-08  2.005141e+01
271  1355.0  0.251000   93.602638  0.251000   93.686302  0.472642  157.584091  0.497386  170.841751  0.000000e+00  0.000000e+00  1.642288e-08  1.724992e+01
272  1360.0  0.251000   92.877037  0.251000   92.960052  0.472637  156.268951  0.494326  169.336685  0.000000e+00  0.000000e+00  1.039754e-08  1.477713e+01
273  1365.0  0.251000   92.151428  0.251000   92.233803  0.472633  154.953766  0.491550  167.858337  0.000000e+00  0.000000e+00  6.557490e-09  1.260583e+01
274  1370.0  0.251000   91.425827  0.251000   91.507553  0.472630  153.638550  0.489054  166.403580  0.000000e+00  0.000000e+00  4.119784e-09  1.070904e+01
275  1375.0  0.251000   90.700218  0.251000   90.781303  0.472625  152.323334  0.486828  164.969482  0.000000e+00  0.000000e+00  2.578367e-09  9.060453e+00
276  1380.0  0.251000   89.974617  0.251000   90.055054  0.472620  151.008102  0.484859  163.553375  0.000000e+00  0.000000e+00  1.607510e-09  7.634729e+00
277  1385.0  0.251000   89.249008  0.251000   89.328796  0.472616  149.692856  0.483129  162.152908  0.000000e+00  0.000000e+00  9.984022e-10  6.407756e+00
278  1390.0  0.251000   88.523407  0.251000   88.602547  0.472610  148.377609  0.481619  160.765915  0.000000e+00  0.000000e+00  6.177372e-10  5.356880e+00
279  1395.0  0.251000   87.797798  0.251000   87.876297  0.472607  147.062332  0.480313  159.390472  0.000000e+00  0.000000e+00  3.807615e-10  4.461044e+00
280  1400.0  0.251000   87.072197  0.251000   87.150047  0.472603  145.747040  0.479189  158.024887  0.000000e+00  0.000000e+00  2.338071e-10  3.700866e+00
281  1405.0  0.251000   86.346588  0.251000   86.423798  0.472598  144.431732  0.478228  156.667664  0.000000e+00  0.000000e+00  1.430281e-10  3.058686e+00
282  1410.0  0.251000   85.620987  0.251000   85.697548  0.472593  143.116425  0.477411  155.317520  0.000000e+00  0.000000e+00  8.716618e-11  2.518563e+00
283  1415.0  0.251000   84.895378  0.251000   84.971298  0.472589  141.801086  0.476721  153.973312  0.000000e+00  0.000000e+00  5.292273e-11  2.066219e+00
284  1420.0  0.251000   84.169785  0.251000   84.245041  0.472584  140.485748  0.476141  152.634079  0.000000e+00  0.000000e+00  3.201162e-11  1.688976e+00
285  1425.0  0.251000   83.444183  0.251000   83.518791  0.472579  139.170395  0.475655  151.298981  0.000000e+00  0.000000e+00  1.929067e-11  1.375659e+00
286  1430.0  0.251000   82.718590  0.251000   82.792542  0.472574  137.854996  0.475251  149.967300  0.000000e+00  0.000000e+00  1.158154e-11  1.116486e+00
287  1435.0  0.251000   81.992989  0.251000   82.066292  0.472569  136.539612  0.474915  148.638443  0.000000e+00  0.000000e+00  6.927363e-12  9.029517e-01
288  1440.0  0.251000   81.267395  0.251000   81.340042  0.472565  135.224197  0.474638  147.311905  0.000000e+00  0.000000e+00  4.128152e-12  7.277064e-01
289  1445.0  0.251000   80.541801  0.251000   80.613792  0.472561  133.908783  0.474410  145.987274  0.000000e+00  0.000000e+00  2.450943e-12  5.844384e-01
290  1450.0  0.251000   79.816200  0.251000   79.887543  0.472556  132.593338  0.474223  144.664200  0.000000e+00  0.000000e+00  1.449784e-12  4.677587e-01
291  1455.0  0.251000   79.090607  0.251000   79.161285  0.472552  131.277878  0.474070  143.342377  0.000000e+00  0.000000e+00  8.544190e-13  3.730904e-01
292  1460.0  0.251000   78.365005  0.251000   78.435036  0.472547  129.962418  0.473944  142.021576  0.000000e+00  0.000000e+00  5.016937e-13  2.965668e-01
293  1465.0  0.251000   77.639412  0.251000   77.708786  0.472542  128.646973  0.473842  140.701599  0.000000e+00  0.000000e+00  2.935006e-13  2.349387e-01
294  1470.0  0.251000   76.913811  0.251000   76.982536  0.472538  127.331482  0.473759  139.382263  0.000000e+00  0.000000e+00  1.710751e-13  1.854883e-01
295  1475.0  0.251000   76.188217  0.251000   76.256287  0.472532  126.015984  0.473691  138.063461  0.000000e+00  0.000000e+00  9.935171e-14  1.459532e-01
296  1480.0  0.251000   75.462616  0.251000   75.530037  0.472528  124.700485  0.473635  136.745071  0.000000e+00  0.000000e+00  5.748809e-14  1.144593e-01
297  1485.0  0.251000   74.737015  0.251000   74.803787  0.472522  123.384987  0.473591  135.427017  0.000000e+00  0.000000e+00  3.314342e-14  8.946087e-02
298  1490.0  0.251000   74.011414  0.251000   74.077530  0.472518  122.069473  0.473555  134.109222  0.000000e+00  0.000000e+00  1.903870e-14  6.968904e-02
299  1495.0  0.251000   73.285812  0.251000   73.351280  0.472513  120.753960  0.473525  132.791641  0.000000e+00  0.000000e+00  1.089682e-14  5.410642e-02
300  1500.0  0.251000   72.560211  0.251000   72.625031  0.472508  119.438408  0.473499  131.474182  0.000000e+00  0.000000e+00  6.214244e-15  4.186874e-02
301  1505.0  0.251000   71.834610  0.251000   71.898781  0.472503  118.122841  0.473479  130.156845  0.000000e+00  0.000000e+00  3.531059e-15  3.229176e-02
302  1510.0  0.251000   71.109016  0.251000   71.172531  0.472498  116.807274  0.473462  128.839584  0.000000e+00  0.000000e+00  1.999186e-15  2.482318e-02
303  1515.0  0.251000   70.383415  0.251000   70.446281  0.472493  115.491707  0.473446  127.522392  0.000000e+00  0.000000e+00  1.127809e-15  1.901912e-02
304  1520.0  0.251000   69.657822  0.251000   69.720032  0.472488  114.176125  0.473433  126.205231  0.000000e+00  0.000000e+00  6.339498e-16  1.452425e-02
305  1525.0  0.251000   68.932220  0.251000   68.993782  0.472484  112.860527  0.473422  124.888107  0.000000e+00  0.000000e+00  3.550697e-16  1.105531e-02
306  1530.0  0.251000   68.206619  0.251000   68.267532  0.472478  111.544914  0.473412  123.571014  0.000000e+00  0.000000e+00  1.981590e-16  8.387355e-03
307  1535.0  0.251000   67.481018  0.251000   67.541275  0.472474  110.229294  0.473403  122.253952  0.000000e+00  0.000000e+00  1.101940e-16  6.342476e-03
308  1540.0  0.251000   66.755417  0.251000   66.815018  0.472470  108.913651  0.473395  120.936897  0.000000e+00  0.000000e+00  6.105883e-17  4.780529e-03
309  1545.0  0.251000   66.029816  0.251000   66.088760  0.472465  107.598000  0.473387  119.619850  0.000000e+00  0.000000e+00  3.371213e-17  3.591525e-03
310  1550.0  0.251000   65.304214  0.251000   65.362503  0.472460  106.282356  0.473379  118.302780  0.000000e+00  0.000000e+00  1.854701e-17  2.689496e-03
311  1555.0  0.251000   64.578613  0.251000   64.636246  0.472455  104.966698  0.473372  116.985718  0.000000e+00  0.000000e+00  1.016749e-17  2.007497e-03
312  1560.0  0.251000   63.853008  0.251000   63.909992  0.472451  103.651024  0.473366  115.668648  0.000000e+00  0.000000e+00  5.554022e-18  1.493600e-03
313  1565.0  0.251000   63.127411  0.251000   63.183743  0.472446  102.335358  0.473360  114.351570  0.000000e+00  0.000000e+00  3.023126e-18  1.107674e-03
314  1570.0  0.251000   62.401806  0.251000   62.457493  0.472441  101.019676  0.473354  113.034477  0.000000e+00  0.000000e+00  1.639690e-18  8.188231e-04
315  1575.0  0.251000   61.676205  0.251000   61.731239  0.472436   99.703972  0.473348  111.717361  0.000000e+00  0.000000e+00  8.861876e-19  6.033540e-04
316  1580.0  0.251000   60.950603  0.251000   61.004990  0.472430   98.388245  0.473343  110.400223  0.000000e+00  0.000000e+00  4.772531e-19  4.431608e-04
317  1585.0  0.251000   60.224998  0.251000   60.278740  0.472425   97.072502  0.473337  109.083092  0.000000e+00  0.000000e+00  2.561135e-19  3.244594e-04
318  1590.0  0.251000   59.499397  0.251000   59.552486  0.472420   95.756752  0.473332  107.765938  0.000000e+00  0.000000e+00  1.369550e-19  2.367949e-04
319  1595.0  0.251000   58.773792  0.251000   58.826237  0.472415   94.440987  0.473326  106.448792  0.000000e+00  0.000000e+00  7.297687e-20  1.722662e-04
320  1600.0  0.251000   58.048191  0.251000   58.099987  0.472410   93.125221  0.473320  105.131638  0.000000e+00  0.000000e+00  3.874858e-20  1.249242e-04
321  1605.0  0.251000   57.322590  0.251000   57.373734  0.472405   91.809441  0.473315  103.814461  0.000000e+00  0.000000e+00  2.050168e-20  9.030577e-05
322  1610.0  0.251000   56.596985  0.251000   56.647484  0.472399   90.493637  0.473309  102.497269  0.000000e+00  0.000000e+00  1.080903e-20  6.507428e-05
323  1615.0  0.251000   55.871384  0.251000   55.921234  0.472394   89.177826  0.473303  101.180046  0.000000e+00  0.000000e+00  5.678678e-21  4.674459e-05
324  1620.0  0.251000   55.145779  0.251000   55.194984  0.472389   87.861992  0.473298   99.862816  0.000000e+00  0.000000e+00  2.972837e-21  3.347222e-05
325  1625.0  0.251000   54.420174  0.251000   54.468731  0.472383   86.546143  0.473292   98.545563  0.000000e+00  0.000000e+00  1.550806e-21  2.389305e-05
326  1630.0  0.251000   53.694569  0.251000   53.742481  0.472378   85.230278  0.473287   97.228294  0.000000e+00  0.000000e+00  8.061295e-22  1.700184e-05
327  1635.0  0.251000   52.968964  0.251000   53.016232  0.472372   83.914398  0.473281   95.911003  0.000000e+00  0.000000e+00  4.175545e-22  1.206036e-05
328  1640.0  0.251000   52.243359  0.251000   52.289978  0.472367   82.598488  0.473275   94.593704  0.000000e+00  0.000000e+00  2.155164e-22  8.528404e-06
329  1645.0  0.251000   51.517754  0.251000   51.563728  0.472361   81.282570  0.473269   93.276375  0.000000e+00  0.000000e+00  1.108420e-22  6.012036e-06
330  1650.0  0.251000   50.792149  0.251000   50.837479  0.472355   79.966629  0.473264   91.959038  0.000000e+00  0.000000e+00  5.680465e-23  4.224981e-06
331  1655.0  0.251000   50.066544  0.251000   50.111229  0.472350   78.650658  0.473258   90.641678  0.000000e+00  0.000000e+00  2.900789e-23  2.959923e-06
332  1660.0  0.251000   49.340939  0.251000   49.384975  0.472344   77.334686  0.473253   89.324310  0.000000e+00  0.000000e+00  1.476037e-23  2.067240e-06
333  1665.0  0.251000   48.615337  0.251000   48.658726  0.472339   76.018707  0.473248   88.006927  0.000000e+00  0.000000e+00  7.483842e-24  1.439328e-06
334  1670.0  0.251000   47.889736  0.251000   47.932476  0.472333   74.702698  0.473242   86.689545  0.000000e+00  0.000000e+00  3.780889e-24  9.990565e-07
335  1675.0  0.251000   47.164135  0.251000   47.206223  0.472327   73.386681  0.473236   85.372154  0.000000e+00  0.000000e+00  1.903270e-24  6.913282e-07
336  1680.0  0.251000   46.438534  0.251000   46.479973  0.472322   72.070648  0.473231   84.054756  0.000000e+00  0.000000e+00  9.546391e-25  4.769201e-07
337  1685.0  0.251000   45.712933  0.251000   45.753723  0.472316   70.754601  0.473225   82.737350  0.000000e+00  0.000000e+00  4.770943e-25  3.280025e-07
338  1690.0  0.251000   44.987331  0.251000   45.027470  0.472310   69.438538  0.473219   81.419930  0.000000e+00  0.000000e+00  2.375684e-25  2.248962e-07
339  1695.0  0.251000   44.261730  0.251000   44.301220  0.472305   68.122444  0.473214   80.102478  0.000000e+00  0.000000e+00  1.178652e-25  1.537316e-07
340  1700.0  0.251000   43.536129  0.251000   43.574970  0.472299   66.806351  0.473209   78.785011  0.000000e+00  0.000000e+00  5.826220e-26  1.047666e-07
341  1705.0  0.251000   42.810528  0.251000   42.848721  0.472292   65.490242  0.473203   77.467529  0.000000e+00  0.000000e+00  2.869346e-26  7.118122e-08
342  1710.0  0.251000   42.084927  0.251000   42.122467  0.472286   64.174110  0.473198   76.150032  0.000000e+00  0.000000e+00  1.407874e-26  4.821613e-08
343  1715.0  0.251000   41.359329  0.251000   41.396217  0.472280   62.857964  0.473193   74.832504  0.000000e+00  0.000000e+00  6.882061e-27  3.256170e-08
344  1720.0  0.251000   40.633728  0.251000   40.669968  0.472274   61.541801  0.473188   73.514954  0.000000e+00  0.000000e+00  3.351459e-27  2.192361e-08
345  1725.0  0.251000   39.908123  0.251000   39.943714  0.472268   60.225620  0.473182   72.197388  0.000000e+00  0.000000e+00  1.625907e-27  1.471672e-08
346  1730.0  0.251000   39.182522  0.251000   39.217464  0.472261   58.909412  0.473177   70.879799  0.000000e+00  0.000000e+00  7.857565e-28  9.849326e-09
347  1735.0  0.251000   38.456921  0.251000   38.491215  0.472255   57.593178  0.473171   69.562187  0.000000e+00  0.000000e+00  3.782624e-28  6.572056e-09
348  1740.0  0.251000   37.731319  0.251000   37.764965  0.472249   56.276928  0.473166   68.244553  0.000000e+00  0.000000e+00  1.813807e-28  4.372183e-09
349  1745.0  0.251000   37.005718  0.251000   37.038712  0.472243   54.960655  0.473160   66.926903  0.000000e+00  0.000000e+00  8.662817e-29  2.900017e-09
350  1750.0  0.251000   36.280117  0.251000   36.312462  0.472236   53.644371  0.473155   65.609238  0.000000e+00  0.000000e+00  4.120712e-29  1.917833e-09
351  1755.0  0.251000   35.554516  0.251000   35.586212  0.472230   52.328068  0.473150   64.291550  0.000000e+00  0.000000e+00  1.952102e-29  1.264538e-09
352  1760.0  0.251000   34.828915  0.251000   34.859959  0.472223   51.011749  0.473144   62.973843  0.000000e+00  0.000000e+00  9.209107e-30  8.313170e-10
353  1765.0  0.251000   34.103313  0.251000   34.133709  0.472217   49.695412  0.473139   61.656116  0.000000e+00  0.000000e+00  4.325949e-30  5.449015e-10
354  1770.0  0.251000   33.377712  0.251000   33.407459  0.472210   48.379059  0.473134   60.338371  0.000000e+00  0.000000e+00  2.023269e-30  3.561135e-10
355  1775.0  0.251000   32.652107  0.251000   32.681210  0.472204   47.062679  0.473128   59.020599  0.000000e+00  0.000000e+00  9.420795e-31  2.320496e-10
356  1780.0  0.251000   31.926504  0.251000   31.954962  0.472197   45.746277  0.473123   57.702805  0.000000e+00  0.000000e+00  4.366468e-31  1.507641e-10
357  1785.0  0.251000   31.200903  0.251000   31.228712  0.472190   44.429859  0.473118   56.384995  0.000000e+00  0.000000e+00  2.014285e-31  9.766589e-11
358  1790.0  0.251000   30.475300  0.251000   30.502464  0.472183   43.113419  0.473113   55.067177  0.000000e+00  0.000000e+00  9.246768e-32  6.308387e-11
359  1795.0  0.251000   29.749697  0.251000   29.776215  0.472176   41.796951  0.473107   53.749344  0.000000e+00  0.000000e+00  4.223333e-32  4.062814e-11
360  1800.0  0.251000   29.024096  0.251000   29.049967  0.472169   40.480473  0.473102   52.431492  0.000000e+00  0.000000e+00  1.918767e-32  2.608982e-11
361  1805.0  0.251000   28.298492  0.251000   28.323717  0.472163   39.163971  0.473096   51.113625  0.000000e+00  0.000000e+00  8.669154e-33  1.670528e-11
362  1810.0  0.251000   27.572889  0.251000   27.597469  0.472155   37.847450  0.473091   49.795738  0.000000e+00  0.000000e+00  3.893867e-33  1.066541e-11
363  1815.0  0.251000   26.847286  0.251000   26.871220  0.472149   36.530907  0.473086   48.477833  0.000000e+00  0.000000e+00  1.738042e-33  6.789614e-12
364  1820.0  0.251000   26.121683  0.251000   26.144972  0.472142   35.214344  0.473081   47.159916  0.000000e+00  0.000000e+00  7.705130e-34  4.309818e-12
365  1825.0  0.251000   25.396082  0.251000   25.418722  0.472135   33.897755  0.473076   45.841984  0.000000e+00  0.000000e+00  3.389954e-34  2.727860e-12
366  1830.0  0.251000   24.670479  0.251000   24.692474  0.472127   32.581150  0.473070   44.524033  0.000000e+00  0.000000e+00  1.478158e-34  1.721618e-12
367  1835.0  0.251000   23.944876  0.251000   23.966225  0.472119   31.264517  0.473065   43.206062  0.000000e+00  0.000000e+00  6.371589e-35  1.083443e-12
368  1840.0  0.251000   23.219273  0.251000   23.239977  0.472110   29.947853  0.473060   41.888077  0.000000e+00  0.000000e+00  2.699911e-35  6.798800e-13
369  1845.0  0.251000   22.493670  0.251000   22.513727  0.472096   28.631153  0.473055   40.570076  0.000000e+00  0.000000e+00  1.109746e-35  4.254201e-13
370  1850.0  0.251000   21.768066  0.251000   21.787479  0.472074   27.314398  0.473050   39.252056  0.000000e+00  0.000000e+00  4.266425e-36  2.654396e-13
371  1855.0  0.251000   21.042463  0.251000   21.061230  0.472028   25.997536  0.473045   37.934017  0.000000e+00  0.000000e+00  1.351060e-36  1.651496e-13
372  1860.0  0.251000   20.316862  0.251000   20.334982  0.471927   24.680445  0.473040   36.615971  0.000000e+00  0.000000e+00  1.094525e-37  1.024605e-13
373  1865.0  0.251000   19.591261  0.251000   19.608732  0.471687   23.362820  0.473035   35.297905  0.000000e+00  0.000000e+00  0.000000e+00  6.338770e-14
374  1870.0  0.251000   18.865660  0.251000   18.882484  0.471099   22.043900  0.473030   33.979828  0.000000e+00  0.000000e+00  0.000000e+00  3.910436e-14
375  1875.0  0.251000   18.140059  0.251000   18.156235  0.469634   20.721821  0.473025   32.661732  0.000000e+00  0.000000e+00  0.000000e+00  2.405581e-14
376  1880.0  0.251000   17.414457  0.251000   17.429987  0.465886   19.392040  0.473020   31.343622  0.000000e+00  0.000000e+00  0.000000e+00  1.475678e-14
377  1885.0  0.251000   16.688854  0.251000   16.703737  0.455770   18.044252  0.473015   30.025499  0.000000e+00  0.000000e+00  0.000000e+00  9.026981e-15
378  1890.0  0.251000   15.963252  0.251000   15.977488  0.425245   16.669538  0.473010   28.707361  0.000000e+00  0.000000e+00  0.000000e+00  5.506497e-15
379  1895.0  0.251000   15.237650  0.251000   15.251238  0.336312   15.426191  0.473005   27.389202  0.000000e+00  0.000000e+00  0.000000e+00  3.349594e-15
380  1900.0  0.251000   14.512048  0.251000   14.524988  0.257270   14.504566  0.473000   26.071022  0.000000e+00  0.000000e+00  0.000000e+00  2.031868e-15
381  1905.0  0.251000   13.786445  0.251000   13.798738  0.251014   13.769371  0.472995   24.752829  0.000000e+00  0.000000e+00  0.000000e+00  1.229102e-15
382  1910.0  0.251000   13.060842  0.251000   13.072489  0.251000   13.044649  0.472990   23.434618  0.000000e+00  0.000000e+00  0.000000e+00  7.414322e-16
383  1915.0  0.251000   12.335238  0.251000   12.346239  0.251000   12.319946  0.472985   22.116390  0.000000e+00  0.000000e+00  0.000000e+00  4.460142e-16
384  1920.0  0.251000   11.609635  0.251000   11.619989  0.251000   11.595244  0.472980   20.798149  0.000000e+00  0.000000e+00  0.000000e+00  2.675603e-16
385  1925.0  0.251000   10.884033  0.251000   10.893740  0.251000   10.870542  0.472976   19.479895  0.000000e+00  0.000000e+00  0.000000e+00  1.600636e-16
386  1930.0  0.251000   10.158432  0.251000   10.167490  0.251000   10.145839  0.472971   18.161621  0.000000e+00  0.000000e+00  0.000000e+00  9.549123e-17
387  1935.0  0.251000    9.432830  0.251000    9.441239  0.251000    9.421136  0.472966   16.843336  0.000000e+00  0.000000e+00  0.000000e+00  5.681160e-17
388  1940.0  0.251000    8.707228  0.251000    8.714990  0.251000    8.696433  0.472961   15.525034  0.000000e+00  0.000000e+00  0.000000e+00  3.370664e-17
389  1945.0  0.251000    7.981626  0.251000    7.988741  0.251000    7.971730  0.472956   14.206717  0.000000e+00  0.000000e+00  0.000000e+00  1.994346e-17
390  1950.0  0.251000    7.256023  0.251000    7.262492  0.251000    7.247028  0.472952   12.888385  0.000000e+00  0.000000e+00  0.000000e+00  1.176778e-17
391  1955.0  0.251000    6.530421  0.251000    6.536242  0.251000    6.522325  0.472947   11.570038  0.000000e+00  0.000000e+00  0.000000e+00  6.924684e-18
392  1960.0  0.251000    5.804819  0.251000    5.809993  0.251000    5.797623  0.472942   10.251677  0.000000e+00  0.000000e+00  0.000000e+00  4.063674e-18
393  1965.0  0.251000    5.079217  0.251000    5.083744  0.251000    5.072920  0.472937    8.933301  0.000000e+00  0.000000e+00  0.000000e+00  2.378226e-18
394  1970.0  0.251000    4.353615  0.251000    4.357494  0.251000    4.348217  0.472933    7.614911  0.000000e+00  0.000000e+00  0.000000e+00  1.388050e-18
395  1975.0  0.251000    3.628012  0.251000    3.631245  0.251000    3.623514  0.472928    6.296506  0.000000e+00  0.000000e+00  0.000000e+00  8.079350e-19
396  1980.0  0.251000    2.902410  0.251000    2.904996  0.251000    2.898811  0.472923    4.978088  0.000000e+00  0.000000e+00  0.000000e+00  4.689964e-19
397  1985.0  0.251000    2.176807  0.251000    2.178747  0.251000    2.174109  0.472919    3.659655  0.000000e+00  0.000000e+00  0.000000e+00  2.715103e-19
398  1990.0  0.251000    1.451205  0.251000    1.452498  0.251000    1.449406  0.472914    2.341208  0.000000e+00  0.000000e+00  0.000000e+00  1.567578e-19
399  1995.0  0.251000    0.725603  0.251000    0.726249  0.251000    0.724703  0.472909    1.022746  0.000000e+00  0.000000e+00  0.000000e+00  9.026081e-20
400  2000.0  0.251000    0.000000  0.251000    0.000000  0.251000    0.000000  0.251000    0.000000  0.000000e+00  0.000000e+00  0.000000e+00  6.481089e-20